10_-13463_1146_-6580|51.9|-1355.84 -631.41;-1352.29 -641.29;-1373.84 -649.04/-1355.84 -631.41;-1340.30 -674.65;-1318.76 -666.91/-1336.76 -684.52;-1352.29 -641.29;-1373.84 -649.04/-1336.76 -684.52;-1340.30 -674.65;-1318.76 -666.91
10_-14605_1026_-11521|56.8|-1455.51 -1120.84;-1429.59 -1159.32;-1491.15 -1144.84;-1465.23 -1183.32
10_-15302_1200_-2143|72.8|-1544.84 -193.87;-1526.87 -219.08;-1546.80 -233.29/-1515.64 -234.84;-1533.61 -209.62;-1513.68 -195.42/-1544.84 -193.87;-1533.61 -209.62;-1513.68 -195.42/-1515.64 -234.84;-1526.87 -219.08;-1546.80 -233.29
10_-16037_1057_-3213|71.2|-1587.32 -326.62;-1598.44 -317.76;-1585.86 -301.98/-1619.41 -301.04;-1598.44 -317.76;-1585.86 -301.98/-1619.41 -301.04;-1605.59 -334.34;-1621.52 -340.95/-1602.57 -341.61;-1605.64 -334.23;-1587.32 -326.62/-1602.57 -341.61;-1605.59 -334.34;-1621.52 -340.95/-1619.41 -301.04;-1605.64 -334.23;-1587.32 -326.62
10_-16735_1663_-1713|80.5|-1653.48 -205.81;-1665.23 -185.70;-1696.49 -203.96/-1693.63 -137.08;-1665.23 -185.70;-1696.49 -203.96/-1653.48 -205.81;-1650.62 -138.92;-1693.63 -137.08
10_-18132_1013_-2614|84.8|-1826.57 -257.54;-1823.78 -260.20;-1821.48 -257.79/-1800.59 -282.25;-1815.47 -268.10;-1827.69 -280.96/-1800.59 -282.25;-1816.11 -250.03;-1798.65 -241.62/-1800.59 -282.25;-1823.78 -260.20;-1821.48 -257.79/-1800.59 -282.25;-1814.09 -254.23;-1821.48 -257.79/-1826.57 -257.54;-1815.47 -268.10;-1827.69 -280.96/-1820.67 -240.58;-1816.11 -250.03;-1798.65 -241.62/-1820.67 -240.58;-1814.09 -254.23;-1821.48 -257.79
10_-19222_1582_-1802|88.4|-1895.19 -233.30;-1908.30 -207.47;-1953.89 -230.61/-1949.15 -127.01;-1936.04 -152.83;-1890.46 -129.69/-1895.19 -233.30;-1936.04 -152.83;-1890.46 -129.69/-1949.15 -127.01;-1908.30 -207.47;-1953.89 -230.61
10_-20137_2546_-1961|86.6|-2010.14 -224.60;-2042.42 -173.50;-2051.57 -179.27/-2051.57 -179.27;-2054.40 -171.77;-2072.29 -178.51/-2070.47 -129.08;-2054.40 -171.77;-2072.29 -178.51/-1961.99 -263.13;-1999.89 -216.31;-2010.14 -224.60/-2070.47 -129.08;-2042.42 -173.50;-2051.57 -179.27/-2070.47 -129.08;-1999.89 -216.31;-2010.14 -224.60/-1961.99 -263.13;-1993.79 -237.68;-2012.03 -260.47/-2010.14 -224.60;-2030.79 -202.00;-2053.60 -222.85/-2010.14 -224.60;-1993.79 -237.68;-2012.03 -260.47/-1961.99 -263.13;-2022.31 -188.60;-1955.10 -134.20/-2051.57 -179.27;-2030.79 -202.00;-2053.60 -222.85/-2070.47 -129.08;-2022.31 -188.60;-1955.10 -134.20
10_-21035_955_-7391|71.2|-2102.58 -760.89;-2103.46 -739.88;-2081.65 -738.96/-2104.41 -717.24;-2103.46 -739.88;-2081.65 -738.96/-2104.41 -717.24;-2103.53 -738.25;-2125.33 -739.17/-2102.58 -760.89;-2103.53 -738.25;-2125.33 -739.17
10_-21493_889_-7864|71.4|-2148.36 -804.61;-2149.36 -785.18;-2167.52 -786.11/-2148.36 -804.61;-2149.23 -787.66;-2131.08 -786.72/-2150.24 -768.22;-2149.23 -787.66;-2131.08 -786.72/-2150.24 -768.22;-2149.36 -785.18;-2167.51 -786.11
10_-21907_990_-6337|79.9|-2168.07 -610.47;-2186.25 -615.83;-2195.18 -585.53/-2153.68 -610.30;-2167.28 -613.66;-2168.07 -610.47/-2239.15 -631.43;-2186.25 -615.83;-2195.18 -585.53/-2239.15 -631.43;-2167.28 -613.66;-2168.07 -610.47/-2146.64 -615.52;-2152.61 -616.54;-2153.68 -610.30/-2239.15 -631.43;-2142.88 -630.29;-2142.79 -638.13/-2239.15 -631.43;-2180.98 -635.47;-2184.20 -681.84/-2142.79 -638.13;-2180.98 -635.47;-2184.20 -681.84/-2239.15 -631.43;-2146.11 -619.79;-2146.64 -615.52/-2143.84 -619.50;-2146.11 -619.79;-2146.64 -615.52/-2239.15 -631.43;-2152.61 -616.54;-2153.68 -610.30/-2142.24 -630.29;-2143.71 -630.30;-2143.84 -619.50/-2142.24 -630.29;-2142.88 -630.29;-2142.79 -638.13/-2239.15 -631.43;-2143.71 -630.30;-2143.84 -619.50
10_-23208_1864_-1324|107.4|-2389.58 -102.97;-2373.37 -109.84;-2392.34 -154.59/-2250.53 -161.89;-2373.37 -109.84;-2392.34 -154.59/-2389.58 -102.97;-2268.56 -154.25;-2249.99 -110.44/-2250.53 -161.89;-2268.56 -154.25;-2249.99 -110.44
10_-25688_1278_-5691|96.6|-2567.90 -540.68;-2568.12 -576.59;-2540.66 -576.76/-2568.25 -597.43;-2568.12 -576.59;-2540.66 -576.76/-2567.90 -540.68;-2568.01 -559.69;-2596.90 -559.51/-2568.25 -597.43;-2568.01 -559.69;-2596.90 -559.51
10_-26811_1225_-3955|105.3|-2698.96 -388.96;-2671.12 -395.73;-2664.61 -368.97/-2645.40 -401.99;-2671.12 -395.73;-2664.61 -368.97/-2698.96 -388.96;-2673.24 -395.22;-2679.75 -421.97/-2645.40 -401.99;-2673.24 -395.22;-2679.75 -421.97
11_12967_1268_3191|100.2|1299.03 304.16;1296.46 320.46;1281.60 318.12/1294.33 334.01;1296.46 320.46;1281.60 318.12/1294.33 334.01;1296.90 317.70;1311.76 320.05/1299.03 304.16;1296.90 317.70;1311.76 320.05
11_13320_1416_11936|66.2|1284.78 1234.64;1283.98 1228.35;1290.41 1227.54/1280.87 1203.64;1281.43 1201.71;1276.70 1200.33/1280.87 1203.64;1283.98 1228.35;1290.41 1227.54/1280.87 1203.64;1282.82 1219.13;1267.80 1221.02/1291.53 1228.21;1290.38 1203.21;1280.87 1203.64/1284.78 1234.64;1282.82 1219.13;1267.80 1221.02/1291.53 1228.21;1300.38 1177.41;1289.10 1175.45/1304.00 1156.69;1300.38 1177.41;1289.10 1175.45/1291.53 1228.21;1291.10 1227.24;1290.41 1227.54/1289.10 1175.45;1290.38 1203.21;1280.87 1203.64/1289.10 1175.45;1281.43 1201.71;1276.70 1200.33/1280.87 1203.64;1291.10 1227.24;1290.41 1227.54/1377.94 1220.77;1336.38 1224.35;1340.14 1267.99/1348.64 1119.13;1353.20 1162.05;1396.14 1157.49/1304.00 1156.69;1303.05 1162.10;1312.99 1163.83/1377.94 1220.77;1359.25 1222.38;1357.75 1204.95/1357.75 1204.95;1330.76 1214.43;1312.99 1163.83/1291.53 1228.21;1359.25 1222.38;1357.75 1204.95/1291.53 1228.21;1330.76 1214.43;1312.99 1163.83/1348.64 1119.13;1352.94 1159.59;1312.99 1163.83/1357.75 1204.95;1352.94 1159.59;1312.99 1163.83/1291.53 1228.21;1336.38 1224.35;1340.14 1267.99/1357.75 1204.95;1353.20 1162.05;1396.14 1157.49/1291.53 1228.21;1303.05 1162.10;1312.99 1163.83
11_14348_1432_3636|116.7|1426.44 347.91;1436.06 365.90;1451.59 357.59/1443.23 379.32;1436.06 365.90;1451.59 357.59/1443.23 379.32;1433.62 361.33;1418.08 369.63/1426.44 347.91;1433.62 361.33;1418.08 369.63
11_15093_1444_4093|120.8|1496.62 417.85;1505.01 409.99;1508.47 413.69/1518.34 420.48;1507.80 419.21;1508.47 413.69/1496.62 417.85;1507.80 419.21;1508.47 413.69/1518.34 420.48;1513.52 419.90;1512.42 429.00/1521.91 394.16;1520.50 395.48;1515.09 389.70/1521.91 394.16;1505.01 409.99;1508.47 413.69/1496.62 417.85;1513.52 419.90;1512.42 429.00/1496.62 417.85;1520.50 395.48;1515.09 389.70
11_15622_1539_1862|129.0|1550.25 195.77;1563.90 201.98;1561.44 171.20;1575.09 177.41
11_16178_982_8416|83.0|1592.25 830.33;1630.63 846.90;1640.75 823.45/1643.77 852.57;1602.61 834.80;1591.83 859.78/1592.25 830.33;1602.61 834.80;1591.83 859.78/1643.77 852.57;1630.63 846.90;1640.75 823.45
11_16613_1192_8586|78.8|1656.07 822.40;1641.70 827.93;1681.49 888.51;1667.12 894.04
11_17710_1510_2707|127.7|1769.01 249.82;1771.78 282.95;1754.92 284.36/1772.50 291.57;1769.75 258.69;1787.12 257.24/1772.50 291.57;1771.78 282.95;1754.92 284.36/1769.01 249.82;1769.75 258.69;1787.12 257.24
11_18283_1368_4993|112.8|1845.81 462.34;1836.31 482.47;1822.15 475.79/1822.15 475.79;1828.37 472.26;1822.45 461.85/1845.81 462.34;1816.83 523.77;1844.04 536.60/1810.77 536.61;1836.31 482.47;1822.15 475.79/1810.77 536.60;1816.83 523.77;1844.04 536.60/1845.81 462.34;1828.37 472.26;1822.45 461.85
11_19046_1060_6748|90.1|1895.70 707.97;1912.44 645.73;1896.53 641.45/1895.70 707.97;1896.79 703.91;1912.70 708.18/1913.53 641.67;1912.44 645.73;1896.53 641.45/1913.53 641.67;1896.79 703.91;1912.70 708.18
11_19820_1597_-1397|131.7|1976.54 -96.97;2017.91 -115.93;1946.02 -163.56;1987.38 -182.52
11_20429_1723_3323|110.8|2024.47 329.20;2032.84 316.64;2048.09 326.81/2024.47 329.20;2036.83 310.66;2021.57 300.49/2045.19 298.10;2036.83 310.66;2021.57 300.49/2045.19 298.10;2032.84 316.64;2048.09 326.81
11_21140_1443_2970|117.0|2136.89 313.98;2104.66 296.47;2093.25 317.48/2091.01 289.05;2118.86 304.19;2133.94 276.44/2091.01 289.05;2104.66 296.47;2093.25 317.48/2133.94 276.44;2102.73 285.61;2100.81 279.08/2136.89 313.98;2118.86 304.19;2133.94 276.44/2091.01 289.05;2102.73 285.61;2100.81 279.08
11_21914_1613_-1668|140.1|2154.09 -140.57;2171.45 -152.75;2149.32 -184.30/2228.77 -192.97;2171.45 -152.75;2149.32 -184.30/2154.09 -140.57;2211.41 -180.79;2233.54 -149.24/2228.77 -192.97;2211.41 -180.79;2233.54 -149.24
11_22797_1663_1963|120.5|2259.16 227.44;2261.23 227.18;2261.24 227.26/2261.24 227.26;2265.16 226.76;2265.84 232.13/2306.24 221.54;2261.23 227.18;2261.24 227.26/2302.64 184.01;2285.68 200.95;2306.24 221.54/2259.16 227.44;2285.68 200.95;2306.24 221.54/2302.64 184.01;2296.82 189.82;2292.18 185.18/2306.24 221.54;2265.16 226.76;2265.84 232.13/2306.24 221.54;2301.66 222.74;2303.00 227.84/2265.84 232.13;2301.66 222.74;2303.00 227.84/2290.06 160.53;2282.36 177.21;2253.17 163.73/2259.16 227.44;2282.36 177.21;2253.17 163.73/2290.06 160.53;2281.05 180.04;2292.18 185.18/2259.16 227.44;2296.82 189.82;2292.18 185.18/2259.16 227.44;2281.05 180.04;2292.18 185.18
11_23372_1525_2111|120.1|2364.31 228.28;2344.81 215.88;2361.34 189.87/2310.12 193.83;2344.81 215.88;2361.34 189.87/2364.31 228.28;2329.62 206.23;2313.09 232.24/2310.12 193.83;2329.62 206.23;2313.09 232.24
11_24197_1742_127|123.9|2436.73 7.84;2423.66 1.67;2419.72 10.01/2436.73 7.84;2431.29 5.27;2435.30 -3.24/2417.98 -1.02;2431.29 5.27;2435.30 -3.24/2417.98 -1.02;2423.66 1.67;2419.72 10.01
11_25144_1262_-613|101.2|2490.02 -84.41;2514.19 -64.11;2491.90 -37.57/2538.73 -43.50;2514.19 -64.11;2491.90 -37.57/2538.73 -43.50;2513.85 -64.40;2528.42 -81.75/2490.02 -84.41;2513.85 -64.40;2528.42 -81.75/2528.42 -81.75;2518.56 -82.43;2518.75 -85.05/2490.02 -84.41;2518.56 -82.43;2518.75 -85.05
12_17415_2195_-12610|142.1|1719.47 -1291.95;1761.14 -1237.61;1748.32 -1227.78/1766.99 -1229.98;1761.14 -1237.61;1748.32 -1227.78/1736.17 -1224.19;1739.21 -1225.08;1719.47 -1291.95/1748.32 -1227.78;1739.21 -1225.08;1719.47 -1291.95/1766.99 -1229.98;1749.22 -1224.74;1748.32 -1227.78/1719.47 -1291.95;1746.35 -1299.89;1766.99 -1229.98
12_18076_1586_-14132|140.7|1805.88 -1385.58;1833.69 -1422.42;1781.41 -1404.06;1809.22 -1440.90
12_20749_2458_-21172|227.8|2095.74 -2066.77;2093.78 -2089.68;2114.68 -2091.47/2092.15 -2108.75;2094.11 -2085.84;2073.21 -2084.05/2095.74 -2066.77;2094.11 -2085.84;2073.21 -2084.05/2092.15 -2108.75;2093.78 -2089.68;2114.68 -2091.47
12_22000_1817_-12215|161.2|2161.81 -1219.97;2211.43 -1220.57;2210.99 -1256.97/2161.81 -1219.97;2189.48 -1220.30;2189.89 -1186.11/2238.13 -1220.90;2189.48 -1220.30;2189.89 -1186.11/2238.13 -1220.90;2211.43 -1220.57;2210.99 -1256.97
12_26233_1481_-11615|112.2|2594.39 -1172.01;2604.39 -1167.70;2613.99 -1189.98/2652.30 -1147.08;2604.39 -1167.70;2613.99 -1189.98/2594.39 -1172.01;2638.59 -1152.98;2630.04 -1133.09/2652.30 -1147.08;2638.59 -1152.98;2630.04 -1133.09
12_27857_1516_-12606|113.3|2785.51 -1247.64;2774.43 -1239.99;2765.94 -1252.30/2761.51 -1231.08;2774.43 -1239.99;2765.94 -1252.30/2785.51 -1247.64;2773.02 -1239.02;2781.22 -1227.12/2761.51 -1231.08;2773.02 -1239.02;2781.22 -1227.12
12_29978_1440_-12774|123.4|3009.17 -1256.09;3000.94 -1271.42;2980.53 -1260.46/2986.34 -1298.60;3000.94 -1271.42;2980.53 -1260.46/2986.34 -1298.60;2994.57 -1283.27;3014.98 -1294.23/3009.17 -1256.09;2994.57 -1283.27;3014.98 -1294.23
13_-11212_1423_20372|83.0|-1131.41 2016.59;-1119.89 2008.20;-1124.55 2001.80/-1116.32 2005.61;-1119.89 2008.20;-1124.55 2001.80/-1131.41 2016.59;-1117.82 2018.21;-1116.32 2005.61/-1072.24 2023.64;-1117.82 2018.21;-1116.32 2005.61/-1116.32 2005.61;-1116.23 2005.64;-1115.47 2003.78/-1170.16 2037.61;-1101.34 2027.79;-1094.95 2072.55/-1072.24 2023.64;-1101.34 2027.79;-1094.95 2072.55/-1170.16 2037.61;-1145.20 2024.07;-1155.25 2005.54/-1170.16 2037.61;-1129.25 2031.77;-1131.41 2016.59/-1131.41 2016.59;-1145.20 2024.07;-1155.25 2005.54/-1072.24 2023.64;-1129.25 2031.77;-1131.41 2016.59/-1072.24 2023.64;-1116.23 2005.64;-1115.47 2003.78
13_-13575_1137_22609|99.7|-1366.46 2263.90;-1361.34 2252.14;-1364.96 2250.56/-1359.18 2247.16;-1361.12 2264.50;-1366.46 2263.90/-1359.18 2247.16;-1361.34 2252.14;-1364.96 2250.56/-1362.17 2273.83;-1361.12 2264.50;-1366.46 2263.90/-1349.99 2249.54;-1358.61 2266.72;-1349.72 2271.18/-1362.17 2273.83;-1358.61 2266.72;-1349.72 2271.18/-1359.18 2247.16;-1355.50 2248.12;-1362.17 2273.83/-1349.99 2249.54;-1355.50 2248.12;-1362.17 2273.83
13_-17279_1349_21675|101.6|-1734.32 2146.73;-1725.55 2175.18;-1706.91 2169.44/-1721.52 2188.28;-1725.55 2175.18;-1706.91 2169.44/-1721.52 2188.28;-1730.29 2159.80;-1748.89 2165.53/-1734.32 2146.73;-1730.29 2159.80;-1748.89 2165.53
13_-25350_1667_15400|135.0|-2582.41 1539.17;-2535.15 1544.23;-2530.08 1496.87/-2487.63 1549.32;-2535.15 1544.23;-2530.08 1496.87/-2582.41 1539.17;-2525.48 1545.27;-2529.54 1583.19/-2582.41 1539.17;-2545.43 1569.96;-2551.54 1577.31/-2487.63 1549.32;-2525.48 1545.27;-2529.54 1583.19/-2529.54 1583.19;-2545.43 1569.96;-2551.54 1577.31
13_-8721_896_23833|62.5|-873.40 2354.25;-868.78 2382.23;-857.16 2380.31/-857.16 2380.31;-857.57 2382.28;-849.90 2383.87/-863.81 2412.34;-868.78 2382.23;-857.16 2380.31/-873.40 2354.25;-861.62 2373.15;-850.19 2366.03/-863.81 2412.34;-867.08 2392.50;-894.28 2397.00/-873.40 2354.25;-867.08 2392.50;-894.28 2397.00/-857.16 2380.31;-861.62 2373.15;-850.19 2366.03/-863.81 2412.34;-857.57 2382.28;-849.90 2383.87
13_-9325_965_23589|64.0|-935.73 2385.51;-930.94 2335.35;-913.40 2337.03/-930.64 2332.26;-930.94 2335.35;-913.40 2337.03/-930.64 2332.26;-935.10 2378.95;-951.67 2377.37/-935.73 2385.51;-935.10 2378.95;-951.67 2377.37
14_-2438_749_4623|53.9|-235.57 440.71;-238.66 448.87;-256.23 442.21/-251.95 483.96;-238.66 448.87;-256.23 442.21/-235.57 440.71;-248.86 475.80;-231.29 482.46/-251.95 483.96;-248.86 475.80;-231.29 482.46
14_1718_1726_-875|63.9|207.62 -128.54;117.40 -90.78;226.19 -84.16;135.97 -46.41
14_5223_1224_-658|70.0|531.83 -65.25;528.07 -82.79;543.28 -86.05/524.46 -99.67;518.40 -59.19;501.28 -61.75/514.33 -31.95;518.40 -59.19;501.28 -61.75/524.46 -99.67;528.07 -82.79;543.28 -86.05/514.33 -31.95;519.58 -67.08;531.83 -65.25/524.46 -99.67;519.58 -67.08;531.83 -65.25/514.33 -31.95;524.38 -51.08;540.11 -42.81/531.83 -65.25;524.38 -51.08;540.11 -42.81
15_-16976_768_-18421|59.8|-1717.40 -1841.83;-1687.78 -1828.75;-1701.72 -1797.18/-1717.40 -1841.83;-1682.53 -1826.44;-1678.21 -1836.21/-1717.40 -1841.83;-1709.02 -1817.98;-1711.07 -1817.26/-1678.21 -1836.21;-1676.56 -1834.41;-1670.88 -1839.63/-1717.40 -1841.83;-1717.12 -1817.19;-1711.07 -1817.26/-1717.40 -1841.83;-1717.35 -1837.42;-1727.48 -1837.31/-1690.78 -1863.19;-1702.74 -1853.59;-1705.09 -1856.52/-1717.09 -1814.51;-1717.35 -1837.42;-1727.48 -1837.31/-1660.12 -1816.54;-1682.53 -1826.44;-1678.21 -1836.21/-1660.12 -1816.54;-1687.78 -1828.75;-1701.72 -1797.18/-1717.09 -1814.51;-1717.12 -1817.19;-1711.07 -1817.26/-1717.40 -1841.83;-1694.32 -1838.52;-1690.78 -1863.19/-1701.72 -1797.18;-1709.02 -1817.98;-1711.07 -1817.26/-1717.40 -1841.83;-1702.74 -1853.59;-1705.09 -1856.52/-1719.34 -1887.09;-1719.05 -1880.46;-1735.07 -1879.77/-1717.40 -1841.83;-1718.00 -1855.97;-1705.09 -1856.52/-1660.12 -1816.54;-1676.56 -1834.41;-1670.88 -1839.63/-1678.21 -1836.21;-1694.32 -1838.52;-1690.78 -1863.19/-1719.34 -1887.09;-1718.00 -1855.97;-1705.09 -1856.52/-1717.40 -1841.83;-1719.05 -1880.46;-1735.07 -1879.77
15_-18731_1042_-23457|85.5|-1838.58 -2307.24;-1847.38 -2316.21;-1845.97 -2317.60/-1907.63 -2377.64;-1847.38 -2316.21;-1845.97 -2317.60/-1907.63 -2377.64;-1839.73 -2308.41;-1848.13 -2300.16/-1838.58 -2307.24;-1839.73 -2308.41;-1848.13 -2300.16/-1907.63 -2377.64;-1885.71 -2373.25;-1882.56 -2389.01/-1907.63 -2377.64;-1840.89 -2323.91;-1845.97 -2317.60/-1839.15 -2322.51;-1840.89 -2323.91;-1845.97 -2317.60/-1907.63 -2377.64;-1887.73 -2386.67;-1889.56 -2390.70/-1882.56 -2389.01;-1887.73 -2386.67;-1889.56 -2390.70/-1867.07 -2369.52;-1885.71 -2373.25;-1882.56 -2389.01/-1907.63 -2377.64;-1871.16 -2370.34;-1872.06 -2365.85/-1907.63 -2377.64;-1880.29 -2355.63;-1872.06 -2365.85/-1839.15 -2322.51;-1880.29 -2355.63;-1872.06 -2365.85/-1867.07 -2369.52;-1871.16 -2370.34;-1872.06 -2365.85
15_-19455_919_-15769|56.3|-1972.72 -1564.84;-1953.31 -1572.62;-1942.90 -1546.63/-1916.60 -1587.33;-1937.13 -1579.10;-1948.36 -1607.13/-1972.72 -1564.84;-1937.13 -1579.10;-1948.36 -1607.13/-1916.60 -1587.33;-1953.31 -1572.62;-1942.90 -1546.63
15_-20722_1987_-20467|95.0|-2072.87 -1953.29;-2125.00 -1980.61;-2129.57 -1971.88/-2129.57 -1971.88;-2119.74 -1968.66;-2120.46 -1966.44/-2140.03 -1988.48;-2125.00 -1980.61;-2129.57 -1971.88/-2151.91 -1995.57;-2139.72 -1989.05;-2140.03 -1988.48/-2072.87 -1953.29;-2139.72 -1989.05;-2140.03 -1988.48/-2072.87 -1953.29;-2088.21 -1953.09;-2087.88 -1928.16/-1967.83 -2110.93;-2114.18 -2019.22;-2072.87 -1953.29/-2128.77 -1952.55;-2088.21 -1953.09;-2087.88 -1928.16/-2072.87 -1953.29;-2120.28 -1952.66;-2120.46 -1966.44/-2128.77 -1952.55;-2120.28 -1952.66;-2120.46 -1966.44/-2072.87 -1953.29;-2119.74 -1968.66;-2120.46 -1966.44/-1973.58 -2119.56;-1988.63 -2109.09;-2011.74 -2142.32/-2003.61 -2155.93;-2014.14 -2144.54;-2011.74 -2142.32/-2151.91 -1995.57;-1988.63 -2109.09;-2011.74 -2142.32/-2003.61 -2155.93;-2009.95 -2149.08;-2042.34 -2179.03/-2151.91 -1995.57;-2014.14 -2144.54;-2011.74 -2142.32/-2151.91 -1995.57;-2009.95 -2149.08;-2042.34 -2179.03/-2072.87 -1953.29;-2072.63 -1953.66;-2065.16 -1948.68/-2151.91 -1995.57;-2114.18 -2019.22;-2072.87 -1953.29/-1967.83 -2110.93;-1971.43 -2108.67;-1975.86 -2115.73/-1967.83 -2110.93;-2072.63 -1953.66;-2065.16 -1948.68/-2151.91 -1995.57;-1971.43 -2108.67;-1975.86 -2115.73/-2151.91 -1995.57;-1976.91 -2117.24;-1975.86 -2115.73/-1973.58 -2119.56;-1976.91 -2117.24;-1975.86 -2115.73
15_-23438_1101_-16239|49.1|-2339.73 -1594.16;-2326.94 -1583.72;-2333.90 -1575.20/-2333.90 -1575.20;-2319.50 -1571.96;-2321.12 -1564.76/-2309.90 -1569.80;-2319.50 -1571.96;-2321.12 -1564.76/-2388.95 -1655.65;-2335.72 -1597.84;-2339.73 -1594.16/-2309.90 -1569.80;-2326.94 -1583.72;-2333.90 -1575.20/-2309.90 -1569.80;-2385.58 -1658.52;-2388.95 -1655.65/-2309.90 -1569.80;-2335.72 -1597.84;-2339.73 -1594.16/-2389.73 -1663.39;-2385.58 -1658.52;-2388.95 -1655.65/-2389.73 -1663.39;-2295.98 -1586.85;-2309.90 -1569.80/-2295.98 -1586.85;-2304.51 -1593.81;-2301.03 -1598.07/-2364.60 -1685.47;-2372.07 -1678.91;-2301.03 -1598.07/-2389.73 -1663.39;-2372.07 -1678.91;-2301.03 -1598.07/-2389.73 -1663.39;-2304.51 -1593.81;-2301.03 -1598.07
15_-25132_1217_-18575|51.2|-2519.29 -1829.43;-2514.75 -1861.86;-2485.33 -1857.74/-2511.41 -1885.70;-2514.75 -1861.86;-2485.33 -1857.74/-2511.41 -1885.70;-2516.56 -1848.89;-2541.15 -1852.33/-2519.29 -1829.43;-2516.56 -1848.89;-2541.15 -1852.33
16_11658_1306_-273|104.7|1097.46 7.33;1113.39 8.95;1111.18 30.58/1097.46 7.33;1120.39 -9.97;1117.32 -14.04/1097.46 7.33;1121.32 -4.88;1129.22 10.57/1129.22 10.57;1113.39 8.95;1111.18 30.58/1234.16 -62.62;1121.32 -4.88;1129.22 10.57/1220.05 -85.15;1120.39 -9.97;1117.32 -14.04/1097.46 7.33;1232.11 -61.57;1220.05 -85.15/1234.16 -62.62;1232.11 -61.57;1220.05 -85.15
16_13589_1575_-4661|142.3|1341.69 -470.48;1364.84 -464.57;1360.94 -449.33/1376.06 -461.70;1352.91 -467.62;1356.81 -482.86/1341.69 -470.48;1352.91 -467.62;1356.81 -482.86/1376.06 -461.70;1364.84 -464.57;1360.94 -449.33
16_14555_1383_-1600|118.3|1430.13 -170.18;1436.63 -167.62;1443.31 -184.57/1480.85 -150.18;1436.63 -167.62;1443.31 -184.57/1480.85 -150.18;1474.36 -152.74;1467.67 -135.79/1430.13 -170.18;1474.36 -152.74;1467.67 -135.79
16_15510_1606_-2737|123.1|1530.13 -274.83;1561.93 -280.18;1560.30 -289.84/1571.89 -281.85;1561.93 -280.18;1560.30 -289.84/1571.89 -281.85;1551.66 -278.45;1555.17 -257.59/1530.13 -274.83;1551.66 -278.45;1555.17 -257.59/1560.30 -289.84;1534.14 -276.83;1533.03 -279.04/1530.13 -274.83;1534.14 -276.83;1533.03 -279.04
16_17491_1677_-3360|130.7|1756.11 -316.26;1742.94 -347.32;1728.84 -341.35/1756.11 -316.26;1751.71 -326.64;1769.34 -334.11/1739.38 -355.72;1751.71 -326.64;1769.34 -334.11/1739.38 -355.72;1742.94 -347.32;1728.84 -341.35
16_3425_1342_-4748|78.6|339.68 -441.55;340.95 -455.18;367.50 -452.70/345.89 -508.06;344.49 -493.06;317.46 -495.59/345.89 -508.06;340.95 -455.18;367.50 -452.70/339.68 -441.55;344.49 -493.06;317.46 -495.59
16_5282_965_-2427|74.3|507.04 -265.01;512.09 -259.64;527.22 -273.90/549.40 -220.05;512.09 -259.64;527.22 -273.90/549.40 -220.05;544.91 -224.82;530.70 -211.43/507.04 -265.01;544.91 -224.82;530.70 -211.43
16_6166_1104_-1592|76.1|614.06 -138.98;638.45 -150.57;601.19 -166.08;625.57 -177.67
16_7714_2072_-5958|109.7|730.28 -506.82;773.35 -599.79;862.11 -558.67/812.61 -684.53;773.35 -599.79;862.11 -558.67/812.61 -684.53;769.54 -591.56;680.78 -632.69/730.28 -506.82;769.54 -591.56;680.78 -632.69
1_-19855_1939_5973|125.9|-1974.05 651.50;-2014.91 579.19;-2041.18 594.04/-2019.35 554.81;-2019.98 565.02;-2026.90 564.59/-1974.05 651.50;-2013.79 566.67;-2020.27 569.71/-1974.05 651.50;-1993.85 556.94;-2012.02 560.74/-1996.76 543.03;-1993.85 556.94;-2012.02 560.74/-2020.27 569.71;-2014.91 579.19;-2041.18 594.04/-2020.27 569.71;-2019.98 565.02;-2026.90 564.59/-1974.05 651.50;-1982.47 611.33;-1929.78 600.29/-1996.76 543.03;-1982.47 611.33;-1929.78 600.29/-2019.35 554.81;-2013.79 566.67;-2020.27 569.71/-2019.35 554.81;-2015.75 562.49;-2012.02 560.74/-1974.05 651.50;-2015.75 562.49;-2012.02 560.74
1_-20780_1412_2124|114.0|-2096.95 180.75;-2113.90 219.83;-2123.72 215.57/-2114.95 222.26;-2108.58 207.56;-2104.93 209.14/-2049.01 251.81;-2086.29 196.56;-2104.93 209.14/-2049.01 251.81;-2053.92 244.54;-2032.37 230.00/-2096.95 180.75;-2108.58 207.56;-2104.93 209.14/-2096.95 180.75;-2086.29 196.56;-2104.93 209.14/-2096.95 180.75;-2053.92 244.54;-2032.37 230.00/-2114.95 222.26;-2113.90 219.83;-2123.72 215.57
1_-21625_1985_6835|136.9|-2181.74 684.23;-2160.74 683.47;-2160.04 702.62/-2143.27 682.83;-2160.74 683.47;-2160.04 702.62/-2181.74 684.23;-2164.26 683.59;-2164.96 664.44/-2143.27 682.83;-2164.26 683.59;-2164.96 664.44
1_-23217_2195_9381|134.8|-2315.56 974.40;-2318.63 957.30;-2287.46 951.70/-2328.60 901.78;-2318.63 957.30;-2287.46 951.70/-2315.56 974.40;-2325.70 917.93;-2355.95 923.37/-2328.60 901.78;-2325.70 917.93;-2355.95 923.37
1_-23863_1484_9089|157.6|-2372.11 912.00;-2381.29 914.36;-2381.19 914.76/-2393.27 917.44;-2381.29 914.36;-2381.19 914.76/-2381.19 914.76;-2389.00 916.49;-2387.43 923.60/-2393.27 917.44;-2374.58 907.41;-2372.11 912.00/-2393.27 917.44;-2389.00 916.49;-2387.43 923.60/-2402.02 908.20;-2382.67 906.79;-2383.63 893.69/-2371.95 906.00;-2393.99 907.61;-2393.27 917.44/-2371.95 906.00;-2382.67 906.79;-2383.63 893.69/-2371.95 906.00;-2374.58 907.41;-2372.11 912.00/-2402.02 908.20;-2393.99 907.61;-2393.27 917.44/-2387.43 923.60;-2393.43 923.44;-2393.27 917.44
1_-25157_2182_7267|224.7|-2498.40 685.23;-2529.75 750.17;-2564.47 733.41/-2538.47 768.24;-2529.75 750.17;-2564.47 733.41/-2498.40 685.23;-2527.11 744.71;-2514.54 750.78/-2502.80 767.02;-2501.97 751.46;-2514.54 750.78/-2538.47 768.24;-2527.11 744.71;-2514.54 750.78/-2498.40 685.23;-2501.97 751.46;-2514.54 750.78/-2498.40 685.23;-2500.45 723.34;-2478.99 724.50/-2478.99 724.50;-2483.33 732.25;-2466.98 741.41/-2472.64 720.22;-2474.15 721.24;-2498.40 685.23/-2502.80 767.02;-2483.33 732.25;-2466.98 741.41/-2502.80 767.02;-2500.45 723.34;-2478.99 724.50/-2478.99 724.50;-2474.15 721.24;-2498.40 685.23
1_-25623_2941_1757|278.2|-2517.82 186.80;-2533.78 195.36;-2515.78 228.95/-2604.46 233.24;-2533.78 195.36;-2515.78 228.95/-2604.46 233.24;-2588.50 224.68;-2606.50 191.09/-2517.82 186.80;-2588.50 224.68;-2606.50 191.09
1_-26036_1664_8666|123.5|-2580.96 838.01;-2586.82 842.40;-2587.35 841.69/-2637.24 880.07;-2632.68 878.23;-2625.81 895.25/-2637.24 880.07;-2574.25 854.62;-2580.96 838.01/-2569.94 852.88;-2632.68 878.23;-2625.81 895.25/-2637.24 880.07;-2586.82 842.40;-2587.35 841.69/-2569.94 852.88;-2574.25 854.62;-2580.96 838.01
1_-26470_1658_9494|126.1|-2650.26 923.89;-2648.48 936.20;-2671.43 939.51/-2650.26 923.89;-2644.73 962.24;-2622.50 959.04/-2642.89 974.98;-2648.48 936.20;-2671.43 939.51/-2642.89 974.98;-2644.73 962.24;-2622.50 959.04
1_-26826_2410_4060|131.9|-2675.33 306.03;-2676.64 306.69;-2680.27 299.56/-2675.33 306.03;-2675.30 306.07;-2672.98 304.28/-2577.19 433.31;-2675.30 306.07;-2672.98 304.28/-2577.19 433.31;-2734.84 387.41;-2717.38 327.45/-2717.38 327.45;-2676.64 306.69;-2680.27 299.56/-2717.38 327.45;-2700.90 339.89;-2675.33 306.03/-2577.19 433.31;-2700.90 339.89;-2675.33 306.03/-2577.19 433.31;-2654.48 410.81;-2684.05 512.41/-2717.38 327.45;-2717.78 327.70;-2721.13 322.38/-2788.05 371.92;-2654.48 410.81;-2684.05 512.41/-2788.05 371.92;-2717.78 327.70;-2721.13 322.38/-2788.05 371.92;-2734.84 387.41;-2717.38 327.45
1_-27511_1606_6360|130.0|-2775.14 629.18;-2754.54 623.43;-2756.59 616.08/-2727.13 635.46;-2753.05 632.07;-2756.18 656.00/-2775.14 629.18;-2753.05 632.07;-2756.18 655.99/-2775.14 629.18;-2740.67 633.69;-2738.75 619.02/-2727.13 635.46;-2740.67 633.69;-2738.75 619.02/-2738.75 619.02;-2754.54 623.43;-2756.59 616.08
1_-28082_2091_1693|120.7|-2779.21 134.22;-2777.40 173.18;-2795.38 174.02/-2779.21 134.22;-2803.87 167.77;-2795.38 174.02/-2827.22 199.53;-2803.87 167.77;-2795.38 174.02/-2795.38 174.02;-2794.26 197.99;-2827.22 199.53/-2827.22 199.53;-2830.16 136.60;-2779.21 134.22
1_-28581_1785_5184|126.7|-2852.07 485.30;-2858.40 520.29;-2891.48 514.31/-2864.05 551.58;-2858.40 520.29;-2891.48 514.31/-2852.07 485.30;-2857.73 516.59;-2824.64 522.57/-2864.05 551.58;-2857.73 516.59;-2824.64 522.57
1_-29149_1829_1741|122.0|-2904.79 210.15;-2918.49 184.18;-2906.48 177.85/-2904.79 210.15;-2911.40 197.62;-2938.50 211.91/-2942.32 138.99;-2911.40 197.62;-2938.50 211.91/-2942.32 138.99;-2907.91 162.75;-2889.61 136.23/-2942.32 138.99;-2899.88 168.29;-2906.48 177.85/-2887.48 176.85;-2899.88 168.29;-2906.48 177.85/-2942.32 138.99;-2918.49 184.18;-2906.48 177.85/-2887.48 176.85;-2907.91 162.75;-2889.61 136.23
1_-29413_1801_7768|122.0|-2930.23 788.35;-2950.00 783.80;-2954.05 801.40/-2959.00 768.23;-2949.18 761.33;-2930.23 788.35/-2930.23 788.35;-2961.95 781.05;-2959.00 768.23/-2936.90 752.72;-2949.18 761.33;-2930.23 788.35/-2936.90 752.72;-2928.14 787.83;-2930.23 788.35/-2936.90 752.72;-2959.00 768.23;-2960.72 765.77/-2936.90 752.72;-2914.50 784.65;-2926.78 793.26/-2926.78 793.26;-2928.14 787.83;-2930.23 788.35/-2969.56 779.30;-2961.95 781.05;-2959.00 768.23/-2969.56 779.30;-2950.00 783.80;-2954.05 801.40
1_-29843_1860_6924|120.1|-2939.13 694.05;-2971.73 648.71;-2997.06 735.71;-3029.66 690.38
1_-30193_1445_7186|120.4|-3037.41 705.65;-3004.68 729.03;-3012.26 739.65/-3001.23 731.49;-3004.68 729.03;-3012.26 739.65/-3001.23 731.49;-3033.97 708.11;-3026.38 697.49/-3037.41 705.65;-3033.97 708.11;-3026.38 697.49
1_-30987_1633_6353|119.5|-3127.97 644.14;-3078.62 628.86;-3072.12 649.85/-3069.69 626.10;-3078.62 628.86;-3072.12 649.85/-3127.97 644.14;-3119.04 641.38;-3125.54 620.38/-3069.69 626.10;-3119.04 641.38;-3125.54 620.38
2_19108_2095_-5727|142.1|1946.03 -539.02;1940.09 -544.66;1958.76 -564.29/1875.16 -606.40;1940.09 -544.66;1958.76 -564.29/1875.16 -606.40;1879.77 -585.68;1862.82 -581.91/1946.03 -539.02;1899.91 -582.87;1893.94 -576.60/1882.85 -571.83;1879.77 -585.68;1862.82 -581.91/1946.03 -539.02;1895.35 -575.58;1889.77 -567.84/1875.16 -606.40;1890.39 -582.23;1887.01 -580.09/1893.94 -576.60;1890.39 -582.23;1887.01 -580.09/1875.16 -606.40;1881.29 -578.82;1887.01 -580.09/1882.85 -571.83;1881.29 -578.82;1887.01 -580.09/1893.94 -576.60;1895.35 -575.58;1889.77 -567.84/1875.16 -606.40;1899.91 -582.87;1893.94 -576.60
2_20939_1595_-3588|141.4|2100.55 -391.29;2090.37 -346.57;2121.10 -339.58/2085.75 -326.26;2095.13 -367.46;2066.72 -373.93/2100.55 -391.29;2095.13 -367.46;2066.72 -373.93/2085.75 -326.26;2090.37 -346.57;2121.10 -339.58
2_21930_2326_-7365|145.9|2220.29 -698.84;2213.98 -707.56;2238.08 -725.00/2165.77 -774.17;2172.08 -765.45;2147.98 -748.01/2165.77 -774.17;2213.98 -707.56;2238.08 -725.00/2220.29 -698.84;2172.08 -765.45;2147.98 -748.01
2_22845_1586_-7473|138.5|2303.13 -761.15;2284.46 -770.76;2285.28 -726.48;2266.61 -736.09
2_23347_1490_-8161|126.0|2330.30 -834.61;2340.17 -811.01;2360.93 -819.69/2347.80 -792.76;2340.17 -811.01;2360.93 -819.69/2330.30 -834.61;2339.44 -812.76;2330.60 -809.06/2347.80 -792.76;2332.16 -807.58;2327.45 -802.62/2347.80 -792.76;2339.44 -812.76;2330.60 -809.06/2330.60 -809.06;2332.16 -807.58;2327.45 -802.62/2330.60 -809.06;2330.54 -814.39;2319.96 -814.27/2330.30 -834.61;2330.54 -814.39;2319.96 -814.27
2_23920_1610_-3751|131.3|2379.90 -392.63;2398.09 -366.32;2382.91 -355.81/2404.15 -357.55;2398.09 -366.32;2382.91 -355.81/2379.90 -392.63;2385.96 -383.86;2401.14 -394.37/2404.15 -357.55;2385.96 -383.86;2401.14 -394.37
2_24906_1326_-10101|110.5|2471.84 -1002.57;2482.29 -1027.50;2482.43 -1027.45/2483.45 -1030.27;2482.29 -1027.50;2482.43 -1027.45/2507.80 -1018.22;2489.84 -1010.40;2482.43 -1027.45/2471.84 -1002.57;2489.84 -1010.40;2482.43 -1027.45/2507.80 -1018.22;2498.57 -992.84;2471.84 -1002.57
2_26027_1313_-9622|110.4|2590.81 -946.45;2610.64 -972.68;2598.86 -981.58/2614.64 -977.97;2594.81 -951.73;2606.59 -942.83/2590.81 -946.45;2594.81 -951.73;2606.59 -942.83/2614.64 -977.97;2610.64 -972.68;2598.86 -981.58
2_27452_1482_-6820|133.1|2767.76 -666.81;2736.18 -690.07;2737.69 -692.12/2725.58 -697.88;2737.58 -698.12;2737.69 -692.12/2737.69 -692.12;2767.24 -692.71;2767.76 -666.81/2725.58 -697.88;2736.18 -690.07;2737.69 -692.12/2767.76 -666.81;2726.21 -665.98;2725.58 -697.88
3_-2057_1259_19853|67.9|-140.63 2018.92;-253.32 1962.52;-265.40 1986.65/-263.52 1957.41;-253.32 1962.52;-265.40 1986.65/-140.63 2018.92;-231.96 1973.21;-228.37 1966.02/-224.59 1951.60;-219.85 1955.40;-228.37 1966.02/-263.52 1957.41;-231.96 1973.21;-228.37 1966.02/-140.63 2018.92;-162.21 2001.62;-139.79 1973.67/-140.63 2018.92;-219.85 1955.40;-228.37 1966.02/-224.59 1951.60;-162.21 2001.62;-139.79 1973.67
3_-4043_819_21494|65.9|-422.31 2215.09;-387.61 2088.50;-412.23 2081.75/-386.30 2083.71;-387.61 2088.50;-412.23 2081.75/-422.31 2215.09;-421.00 2210.30;-396.38 2217.05/-386.30 2083.71;-421.00 2210.30;-396.38 2217.05
3_-6974_1361_23817|62.7|-736.01 2370.38;-728.18 2372.69;-735.05 2396.00/-736.01 2370.38;-666.59 2390.83;-659.72 2367.51/-658.75 2393.14;-666.59 2390.83;-659.72 2367.51/-658.75 2393.14;-728.18 2372.69;-735.05 2396.00
3_1579_1111_17068|76.5|196.39 1665.38;160.14 1738.75;189.55 1753.28/119.48 1702.50;138.19 1693.47;122.19 1660.33/196.39 1665.38;138.19 1693.47;122.19 1660.33/154.30 1750.57;172.89 1712.94;157.81 1705.49/196.39 1665.38;149.40 1688.06;157.81 1705.49/119.48 1702.50;149.40 1688.06;157.81 1705.49/154.30 1750.57;160.14 1738.75;189.55 1753.28/196.39 1665.38;172.89 1712.94;157.81 1705.49
3_2680_1435_17943|122.6|295.38 1763.68;287.25 1832.69;289.69 1832.97/287.24 1832.77;243.04 1837.68;242.08 1828.99/241.18 1837.89;243.04 1837.68;242.08 1828.99/287.24 1832.77;285.00 1833.02;286.09 1842.90/241.18 1837.89;285.00 1833.02;286.09 1842.90/246.96 1745.62;268.81 1753.77;240.80 1828.88/295.38 1763.68;268.81 1753.77;240.80 1828.88/295.38 1763.68;241.27 1828.31;242.08 1828.99/240.80 1828.88;241.27 1828.31;242.08 1828.99/295.38 1763.68;258.28 1809.14;287.24 1832.77/242.08 1828.99;258.28 1809.14;287.24 1832.77/287.24 1832.77;287.25 1832.69;289.69 1832.97
3_3968_1570_18314|95.0|394.21 1858.16;385.44 1838.87;418.92 1823.66/374.47 1814.73;389.29 1847.34;372.02 1855.19/394.21 1858.16;389.29 1847.34;372.02 1855.19/374.47 1814.73;385.44 1838.87;418.92 1823.66/418.92 1823.66;390.14 1807.19;384.81 1816.50/418.92 1823.66;403.81 1815.01;409.79 1804.55/418.92 1823.65;384.75 1816.80;384.81 1816.50/385.83 1804.72;403.81 1815.01;409.79 1804.55/385.83 1804.72;390.14 1807.19;384.81 1816.50/374.47 1814.73;384.75 1816.80;384.81 1816.50
4_-1054_1425_-18286|92.0|-127.40 -1844.18;-128.94 -1840.37;-133.86 -1842.35/-72.11 -1845.93;-79.96 -1804.45;-138.92 -1815.61/-138.92 -1815.61;-111.67 -1827.98;-122.78 -1852.47/-138.92 -1815.61;-126.57 -1843.81;-127.40 -1844.18/-122.78 -1852.47;-126.57 -1843.81;-127.40 -1844.18/-138.92 -1815.61;-128.94 -1840.37;-133.86 -1842.35/-72.11 -1845.93;-111.67 -1827.98;-122.78 -1852.47
4_-11342_1207_-17469|88.8|-1140.69 -1703.31;-1139.90 -1712.82;-1145.33 -1713.27/-1145.33 -1713.27;-1143.71 -1723.81;-1157.26 -1725.89/-1133.30 -1791.57;-1143.71 -1723.81;-1157.26 -1725.89/-1133.30 -1791.57;-1111.40 -1783.58;-1140.69 -1703.31/-1145.33 -1713.27;-1141.85 -1705.80;-1144.34 -1704.64/-1140.69 -1703.31;-1141.85 -1705.80;-1144.34 -1704.64/-1133.30 -1791.57;-1139.90 -1712.82;-1145.33 -1713.27
4_-11628_1082_-17695|87.1|-1163.30 -1727.21;-1161.45 -1770.01;-1178.87 -1770.76/-1159.64 -1811.74;-1161.45 -1770.01;-1178.87 -1770.76/-1163.30 -1727.21;-1160.00 -1803.49;-1138.00 -1802.54/-1159.64 -1811.74;-1160.00 -1803.49;-1138.00 -1802.54/-1163.30 -1727.21;-1176.46 -1764.00;-1187.68 -1759.99/-1178.87 -1770.76;-1176.46 -1764.00;-1187.68 -1759.99
4_-12223_1142_-5207|56.0|-1212.98 -545.65;-1225.80 -507.46;-1247.28 -514.67/-1229.71 -495.82;-1225.80 -507.46;-1247.28 -514.67/-1212.20 -514.98;-1212.54 -528.38;-1197.33 -528.77/-1229.71 -495.82;-1222.16 -518.32;-1212.20 -514.98/-1212.98 -545.65;-1222.16 -518.32;-1212.20 -514.98/-1229.71 -495.82;-1212.31 -514.85;-1210.73 -513.41/-1212.98 -545.65;-1212.54 -528.38;-1197.33 -528.77/-1212.20 -514.98;-1212.31 -514.85;-1210.73 -513.41
4_-1838_1130_-8696|79.2|-212.29 -901.21;-203.10 -891.02;-226.36 -870.04/-155.22 -837.93;-203.10 -891.02;-226.36 -870.04/-155.22 -837.93;-164.41 -848.12;-141.16 -869.10/-212.29 -901.21;-164.41 -848.12;-141.16 -869.10
4_-2743_950_-8088|71.1|-238.49 -809.40;-250.62 -809.22;-250.20 -782.34/-310.19 -808.30;-250.62 -809.22;-250.20 -782.34/-310.19 -808.30;-298.07 -808.48;-298.48 -835.36/-238.49 -809.40;-298.07 -808.48;-298.48 -835.36
4_-3218_1096_-8405|77.7|-308.75 -824.97;-324.53 -843.79;-339.68 -831.08/-334.76 -855.99;-318.98 -837.18;-303.83 -849.88/-308.75 -824.97;-318.98 -837.18;-303.83 -849.88/-334.76 -855.99;-324.53 -843.79;-339.68 -831.08
4_-3990_1674_-14588|121.7|-440.27 -1472.13;-432.48 -1467.07;-446.56 -1445.40/-371.92 -1427.72;-432.48 -1467.07;-446.56 -1445.40/-358.83 -1449.25;-371.63 -1471.56;-351.39 -1483.17/-382.19 -1489.97;-370.90 -1470.29;-388.75 -1460.05/-358.83 -1449.25;-370.90 -1470.29;-388.75 -1460.05/-371.92 -1427.72;-378.47 -1431.98;-366.65 -1450.18/-440.27 -1472.13;-378.47 -1431.98;-366.65 -1450.18/-388.75 -1460.05;-366.04 -1451.86;-366.65 -1450.18/-382.19 -1489.97;-371.63 -1471.56;-351.39 -1483.17/-440.27 -1472.13;-389.65 -1457.04;-388.75 -1460.05/-366.65 -1450.18;-389.65 -1457.04;-388.75 -1460.05/-358.83 -1449.25;-366.04 -1451.86;-366.65 -1450.18
4_-4353_1130_-8788|73.3|-391.55 -892.94;-402.99 -894.55;-401.66 -903.93/-481.19 -905.60;-402.99 -894.55;-401.66 -903.93/-401.66 -903.93;-464.41 -905.25;-464.02 -924.02/-481.19 -905.60;-464.41 -905.25;-464.02 -924.02/-481.19 -905.60;-404.00 -882.26;-418.70 -833.63/-389.32 -877.82;-404.00 -882.26;-418.70 -833.63/-481.19 -905.60;-395.55 -879.71;-391.55 -892.94/-389.32 -877.82;-395.55 -879.71;-391.55 -892.94
4_-6155_1384_-11596|107.9|-534.06 -1207.46;-589.35 -1154.84;-621.78 -1188.92/-534.06 -1207.46;-620.13 -1213.28;-621.78 -1188.92/-695.12 -1218.36;-684.86 -1252.63;-534.06 -1207.46/-534.06 -1207.46;-577.17 -1063.51;-659.43 -1088.15/-659.43 -1088.15;-589.35 -1154.84;-621.78 -1188.92/-695.12 -1218.35;-620.13 -1213.28;-621.78 -1188.92
4_-7994_1089_-3776|85.9|-805.78 -346.80;-802.49 -364.78;-830.89 -369.97/-805.78 -346.80;-797.79 -390.50;-767.97 -385.05/-794.51 -408.45;-797.79 -390.50;-767.97 -385.05/-794.51 -408.45;-802.49 -364.78;-830.89 -369.97
4_-9610_1266_-16037|96.0|-982.45 -1621.36;-974.78 -1615.04;-988.34 -1598.59/-982.45 -1621.36;-947.21 -1592.30;-933.65 -1608.74/-939.53 -1585.97;-947.21 -1592.30;-933.65 -1608.74/-939.53 -1585.97;-974.78 -1615.04;-988.34 -1598.59
5_-1548_2341_8660|193.7|-131.89 900.90;-144.41 880.43;-166.99 894.24/-158.23 857.83;-144.41 880.43;-166.99 894.24
5_10392_999_7275|73.3|1013.12 721.74;1021.71 723.63;1017.45 742.99/1065.35 733.24;1021.71 723.63;1017.45 742.99/1065.35 733.24;1056.77 731.35;1061.03 711.99/1013.12 721.74;1056.77 731.35;1061.03 711.99
5_11282_987_7301|77.0|1081.23 729.01;1172.15 731.53;1172.61 714.98/1175.08 731.61;1084.06 729.09;1083.61 745.21/1175.08 731.61;1172.15 731.53;1172.61 714.98/1081.23 729.01;1084.06 729.09;1083.61 745.21
5_11881_1212_4274|90.2|1219.27 429.33;1184.99 449.91;1179.09 440.08/1156.97 432.37;1204.10 404.07;1219.27 429.33/1156.97 432.37;1178.67 431.32;1179.09 440.08/1179.09 440.08;1166.23 447.81;1156.97 432.37/1219.27 429.33;1178.67 431.32;1179.09 440.08
5_3203_1049_8881|61.8|324.50 857.83;312.02 874.04;304.17 868.00/350.75 864.22;310.16 889.97;328.13 918.30/350.75 864.22;334.92 874.26;324.50 857.83/289.82 902.86;312.02 874.04;304.17 868.00/289.82 902.86;310.16 889.97;328.13 918.30/289.82 902.86;334.92 874.26;324.50 857.83
5_4015_828_8875|58.9|387.23 871.16;405.85 894.52;423.49 880.46/387.23 871.16;393.73 879.32;379.53 890.64/413.33 903.91;393.73 879.32;379.53 890.64/413.33 903.91;405.85 894.52;423.49 880.46
5_4665_987_8064|61.9|490.03 827.00;472.07 836.18;474.35 840.64/457.83 843.47;456.16 833.23;429.29 837.60/445.70 769.09;456.16 833.23;429.29 837.60/457.83 843.47;482.24 819.18;490.03 827.00/503.78 797.75;482.24 819.18;490.03 827.00/457.83 843.47;451.76 806.23;503.78 797.75/445.70 769.09;451.76 806.23;503.78 797.75/457.83 843.47;472.07 836.18;474.35 840.64
5_5079_1395_11680|96.7|457.60 1169.66;505.06 1180.70;504.94 1181.23/460.58 1145.06;468.88 1149.76;457.60 1169.66/504.94 1181.23;492.99 1178.31;492.61 1179.88/536.32 1187.96;468.88 1149.76;457.60 1169.66/536.32 1187.96;525.44 1181.80;540.66 1154.93/460.58 1145.06;525.44 1181.80;540.66 1154.93/536.32 1187.96;505.06 1180.70;504.94 1181.23/504.61 1183.42;504.65 1183.15;536.32 1187.96/504.94 1181.23;504.65 1183.15;536.32 1187.96/457.60 1169.66;492.99 1178.31;492.61 1179.88
5_5604_1318_4454|65.4|555.06 480.72;555.64 427.56;526.73 427.25/555.82 410.12;555.67 424.29;564.53 424.39/555.06 480.72;569.79 425.80;564.53 424.39/555.82 410.12;555.64 427.56;526.73 427.25/555.06 480.72;555.67 424.29;564.53 424.39/555.06 480.72;560.82 459.24;593.99 468.13/571.11 420.86;569.79 425.80;564.53 424.39/571.11 420.86;560.82 459.24;593.99 468.13
5_6279_2686_3600|191.9|561.47 355.98;582.68 407.80;635.26 325.78;656.47 377.59
5_6982_994_1511|70.7|677.28 144.11;697.01 151.06;704.52 129.76/677.28 144.11;698.45 151.57;691.09 172.44/719.10 158.84;697.01 151.06;704.52 129.76/719.10 158.84;698.45 151.57;691.09 172.44
5_7523_1195_2467|125.8|734.55 258.28;758.30 267.78;749.91 288.79/734.55 258.28;758.13 267.71;766.77 246.08/779.69 276.32;758.13 267.71;766.77 246.08/716.34 265.41;741.71 255.20;741.79 255.39/801.04 231.32;766.48 245.36;766.77 246.08/741.79 255.39;766.48 245.36;766.77 246.08/716.34 265.41;782.41 209.36;801.04 231.32/779.69 276.32;758.30 267.78;749.91 288.79/787.99 204.63;782.41 209.36;801.04 231.32/787.99 204.63;722.81 259.92;703.49 237.14/801.04 231.32;741.71 255.20;741.79 255.39/716.34 265.41;722.81 259.92;703.49 237.14/766.77 246.08;741.84 255.52;741.79 255.39/734.55 258.28;741.84 255.52;741.79 255.39
5_8110_1145_2839|73.1|783.38 270.85;811.86 285.82;805.02 298.84/838.66 299.90;811.86 285.82;805.02 298.84/805.02 298.84;804.13 297.69;798.59 301.98/783.38 270.85;804.13 297.69;798.59 301.98/783.38 270.85;802.69 281.00;816.55 254.64/805.02 298.84;812.53 299.08;812.09 313.13/838.66 299.90;802.69 281.00;816.55 254.64/838.66 299.90;812.53 299.08;812.09 313.13
5_8536_1111_9272|65.4|878.33 957.69;839.51 908.80;814.48 928.68/878.33 957.69;868.31 945.07;892.69 925.70/829.27 895.90;839.51 908.80;814.48 928.68/829.27 895.90;868.31 945.07;892.69 925.70
5_8909_1427_11680|65.2|921.91 1152.36;873.30 1175.42;891.38 1213.52/850.27 1186.35;856.75 1190.63;853.91 1194.92/850.27 1186.35;893.89 1165.65;877.05 1130.15/891.38 1213.52;856.75 1190.63;853.91 1194.92/850.27 1186.35;873.30 1175.42;891.38 1213.52/921.91 1152.36;893.89 1165.65;877.05 1130.15
5_9346_1049_2005|75.8|932.45 221.93;915.93 189.55;936.77 178.91/932.45 221.93;933.72 209.33;953.29 211.29/936.77 178.91;933.72 209.33;953.29 211.29
6_10587_2015_-7411|134.0|1048.45 -689.33;1054.35 -719.21;1100.09 -710.19/1068.87 -792.81;1054.35 -719.21;1100.09 -710.19/1048.45 -689.33;1062.97 -762.92;1017.23 -771.95/1068.87 -792.81;1062.97 -762.92;1017.23 -771.95
6_12427_1935_-7667|128.2|1245.90 -833.42;1235.66 -757.98;1315.25 -747.18/1315.25 -747.18;1298.84 -736.48;1308.25 -722.06/1226.33 -689.17;1298.84 -736.48;1308.25 -722.06/1226.33 -689.17;1235.66 -757.98;1315.25 -747.18/1208.43 -844.17;1210.14 -829.29;1245.90 -833.42/1226.33 -689.17;1209.27 -836.83;1170.14 -832.30/1226.33 -689.17;1210.14 -829.29;1245.90 -833.42/1208.43 -844.17;1209.27 -836.83;1170.14 -832.30
6_13794_1633_-15515|140.7|1372.88 -1534.12;1380.91 -1554.09;1363.12 -1561.24/1386.89 -1568.97;1380.91 -1554.09;1363.12 -1561.24/1386.89 -1568.97;1378.58 -1548.29;1395.71 -1541.41/1372.88 -1534.12;1378.58 -1548.29;1395.71 -1541.41
6_14911_2011_-12211|134.5|1421.72 -1274.34;1461.77 -1139.62;1514.84 -1302.03;1554.90 -1167.31
6_2651_1881_-10993|113.3|244.14 -1039.08;245.53 -1054.01;198.99 -1058.33/255.33 -1159.51;245.53 -1054.01;198.99 -1058.33/331.19 -1135.30;309.09 -1110.88;255.33 -1159.51/244.14 -1039.08;309.09 -1110.88;255.33 -1159.51
6_4575_1585_-13782|131.6|480.79 -1327.62;417.10 -1345.83;441.01 -1429.42/441.01 -1429.42;464.01 -1370.56;496.73 -1383.34/480.79 -1327.62;464.01 -1370.56;496.73 -1383.34/496.73 -1383.34;458.55 -1414.92;464.89 -1422.59/441.01 -1429.42;458.55 -1414.92;464.89 -1422.59
6_6046_1345_-10917|117.8|606.25 -1062.00;590.54 -1072.17;588.54 -1069.09/576.88 -1081.02;590.54 -1072.17;588.54 -1069.09/578.43 -1112.83;577.68 -1097.48;572.17 -1097.75/576.88 -1081.02;577.68 -1097.48;572.17 -1097.75/594.83 -1122.49;588.72 -1108.38;578.43 -1112.83/576.88 -1081.02;603.87 -1115.38;594.83 -1122.49/576.88 -1081.02;617.33 -1108.68;608.62 -1121.42/576.88 -1081.02;588.72 -1108.38;578.43 -1112.83/622.50 -1112.21;617.33 -1108.68;608.62 -1121.42/608.62 -1121.42;603.87 -1115.38;594.83 -1122.49/576.88 -1081.02;634.54 -1080.65;634.63 -1095.46/576.88 -1081.02;627.16 -1093.59;622.50 -1112.21/634.63 -1095.46;627.16 -1093.59;622.50 -1112.21/636.93 -1080.63;634.54 -1080.65;634.63 -1095.46/576.88 -1081.02;631.38 -1080.67;631.30 -1067.96/636.93 -1080.63;631.38 -1080.67;631.30 -1067.96/576.88 -1081.02;621.03 -1070.43;619.08 -1062.33/619.08 -1062.33;608.47 -1067.02;606.25 -1062.00/631.30 -1067.96;621.03 -1070.43;619.08 -1062.33/576.88 -1081.02;608.47 -1067.02;606.25 -1062.00
6_7549_1700_-16087|115.2|778.53 -1597.29;748.81 -1606.07;742.05 -1583.20/731.49 -1611.18;748.81 -1606.07;742.05 -1583.20/731.49 -1611.18;742.71 -1607.87;745.26 -1616.50/778.53 -1597.29;742.71 -1607.87;745.26 -1616.50/755.78 -1620.57;759.25 -1617.02;767.51 -1625.09/778.53 -1597.29;759.25 -1617.02;767.51 -1625.09/778.53 -1597.29;749.58 -1621.64;745.26 -1616.50/739.78 -1629.88;749.58 -1621.64;745.26 -1616.50/739.78 -1629.88;753.74 -1618.14;755.78 -1620.57/778.53 -1597.29;753.74 -1618.14;755.78 -1620.57/739.78 -1629.88;745.71 -1626.43;750.22 -1634.16/755.78 -1620.57;745.71 -1626.43;750.22 -1634.16
6_9437_1599_-12056|115.3|909.70 -1147.76;964.06 -1220.61;954.03 -1228.09/977.91 -1239.16;964.06 -1220.61;954.03 -1228.09/928.23 -1216.11;920.55 -1187.78;886.85 -1196.91/909.70 -1147.76;962.20 -1218.11;1000.59 -1189.46/977.91 -1239.16;962.20 -1218.11;1000.59 -1189.46/909.70 -1147.76;920.55 -1187.78;886.85 -1196.91/928.23 -1216.11;933.43 -1224.20;920.64 -1232.43/928.23 -1216.11;941.23 -1236.32;954.03 -1228.09/946.44 -1244.41;941.23 -1236.32;954.03 -1228.09/954.03 -1228.09;942.94 -1207.99;928.23 -1216.11/909.70 -1147.76;942.94 -1207.99;928.23 -1216.11/946.44 -1244.41;933.43 -1224.20;920.64 -1232.43
7_10649_1349_19457|103.9|1069.08 1915.12;1060.37 1944.37;1063.38 1945.27/1090.30 1919.89;1080.79 1928.85;1069.42 1916.79/1063.38 1945.27;1080.79 1928.85;1069.42 1916.79/1063.38 1945.27;1083.39 1926.40;1094.40 1938.08/1063.38 1945.27;1068.79 1916.67;1069.42 1916.79/1069.08 1915.12;1068.79 1916.67;1069.42 1916.79/1049.85 1979.64;1060.37 1944.37;1063.38 1945.27/1069.08 1915.12;1056.46 1913.85;1049.85 1979.64/1090.30 1919.89;1083.39 1926.40;1094.40 1938.08/1035.39 1911.74;1056.46 1913.85;1049.85 1979.64/1049.85 1979.64;1054.20 1968.59;1070.33 1974.94/1063.38 1945.27;1054.20 1968.59;1070.33 1974.94
7_11143_1523_22494|149.7|1122.04 2180.38;1128.42 2166.01;1117.43 2161.12/1165.72 2158.14;1133.20 2174.70;1134.83 2177.88/1122.04 2180.38;1133.20 2174.70;1134.83 2177.88/1131.84 2158.31;1128.42 2166.01;1117.43 2161.12/1122.04 2180.38;1139.01 2169.02;1131.84 2158.31/1164.51 2151.94;1139.01 2169.02;1131.84 2158.31/1164.51 2151.94;1162.48 2153.30;1165.72 2158.14/1110.28 2124.58;1128.94 2153.77;1117.43 2161.12/1134.83 2177.88;1129.06 2210.81;1142.57 2213.18/1122.04 2180.38;1162.48 2153.30;1165.72 2158.14/1128.15 2215.99;1129.06 2210.81;1142.57 2213.18/1128.15 2215.99;1134.02 2182.48;1122.04 2180.38/1134.83 2177.88;1161.56 2160.80;1168.30 2171.35/1134.83 2177.88;1134.02 2182.48;1122.04 2180.38/1085.32 2167.39;1111.88 2176.79;1117.43 2161.12/1085.32 2167.39;1094.81 2170.75;1089.13 2186.81/1165.72 2158.15;1161.56 2160.80;1168.30 2171.35/1131.84 2158.31;1113.18 2129.11;1124.69 2121.75/1122.04 2180.38;1111.88 2176.79;1117.43 2161.12/1131.84 2158.31;1128.94 2153.77;1117.43 2161.12/1110.28 2124.58;1113.18 2129.11;1124.69 2121.75/1110.28 2124.58;1118.05 2115.84;1124.69 2121.75/1153.81 2265.74;1152.04 2262.31;1140.26 2268.39/1128.15 2215.99;1130.04 2219.64;1142.57 2213.18/1128.15 2215.99;1152.04 2262.31;1140.26 2268.39/1122.04 2180.38;1094.81 2170.75;1089.13 2186.81/1153.81 2265.74;1130.04 2219.64;1142.57 2213.18/979.19 2150.21;991.27 2144.40;969.01 2098.14/1168.49 2059.15;991.27 2144.40;969.01 2098.14/1182.81 2414.09;1062.93 2388.63;1052.10 2439.64/1182.81 2414.09;1148.67 2406.84;1158.38 2361.11/1012.27 2238.65;1033.71 2243.63;1022.61 2291.38/1140.26 2268.39;1033.71 2243.63;1022.61 2291.38/1168.49 2059.15;1095.66 2094.18;1110.28 2124.58/1041.23 2384.02;1062.93 2388.63;1052.10 2439.64/1041.23 2384.02;1148.67 2406.84;1158.38 2361.11/979.19 2150.21;1095.66 2094.18;1110.28 2124.58/1220.54 2252.70;1172.71 2228.46;1153.81 2265.74/1142.57 2213.18;1172.71 2228.46;1153.81 2265.74/1220.54 2252.70;1191.04 2237.75;1210.20 2199.95/1012.27 2238.65;1117.22 2263.04;1128.15 2215.99/1142.57 2213.18;1191.04 2237.75;1210.20 2199.95/1140.26 2268.39;1117.22 2263.04;1128.15 2215.99/1158.38 2361.11;1153.91 2267.74;1140.26 2268.39/1153.81 2265.74;1171.93 2358.46;1158.38 2361.11/1168.49 2059.15;1118.05 2115.84;1124.69 2121.75/1153.81 2265.74;1153.91 2267.74;1140.26 2268.39/1124.69 2121.75;1147.38 2089.31;1178.66 2111.19/1168.49 2059.15;1147.38 2089.31;1178.66 2111.19/1182.81 2414.09;1171.93 2358.46;1158.38 2361.11
7_11981_1193_19789|103.6|1220.28 1974.89;1206.04 1975.63;1205.16 1958.93/1220.28 1974.89;1191.44 1976.40;1192.73 2000.98/1176.84 1977.16;1191.44 1976.40;1192.73 2000.98/1192.73 2000.98;1180.67 1982.90;1177.57 1984.97/1176.84 1977.16;1200.51 1961.92;1197.64 1957.46/1176.84 1977.16;1180.67 1982.90;1177.57 1984.97/1205.16 1958.93;1200.51 1961.92;1197.64 1957.46/1176.84 1977.16;1206.04 1975.63;1205.16 1958.93
7_12558_1929_27171|117.2|1270.90 2598.43;1221.82 2781.71;1305.55 2804.13/1211.58 2819.96;1260.66 2636.68;1176.93 2614.26/1270.90 2598.43;1260.66 2636.68;1176.93 2614.26/1211.58 2819.96;1221.82 2781.71;1305.55 2804.13
7_13322_1340_24634|110.8|1314.64 2485.43;1316.51 2481.45;1322.14 2484.10/1314.64 2485.43;1331.11 2450.41;1305.51 2438.37/1324.49 2495.16;1326.90 2485.25;1322.14 2484.10/1339.91 2431.69;1316.51 2481.45;1322.14 2484.10/1339.91 2431.69;1326.90 2485.25;1322.14 2484.10/1339.91 2431.69;1331.11 2450.41;1305.51 2438.37/1339.91 2431.69;1329.74 2473.56;1358.80 2480.62/1324.49 2495.16;1329.74 2473.56;1358.80 2480.62
7_13836_955_15296|69.5|1406.92 1539.80;1384.88 1530.19;1374.73 1553.47/1360.29 1519.47;1384.88 1530.19;1374.73 1553.47/1360.29 1519.47;1382.33 1529.08;1392.48 1505.79/1406.92 1539.80;1382.33 1529.08;1392.48 1505.79
7_15962_920_15961|71.6|1603.63 1585.12;1562.45 1566.35;1569.62 1550.63/1555.52 1563.19;1562.45 1566.35;1569.62 1550.63/1555.52 1563.19;1596.37 1594.57;1603.63 1585.12/1636.83 1625.66;1633.69 1623.24;1619.62 1641.56/1636.83 1625.66;1596.37 1594.57;1603.63 1585.12/1555.52 1563.19;1633.69 1623.24;1619.62 1641.55
7_19165_1126_19946|72.6|1953.30 1993.39;1915.60 1994.62;1916.83 2032.27/1879.62 1995.80;1917.29 1994.57;1916.05 1956.88/1879.62 1995.80;1915.60 1994.62;1916.83 2032.27/1953.30 1993.39;1917.29 1994.57;1916.05 1956.88
7_20670_1007_20284|72.5|2053.25 2061.37;2077.62 2002.89;2098.56 2011.62/2080.75 1995.39;2077.62 2002.89;2098.57 2011.62/2080.75 1995.39;2056.37 2053.87;2035.43 2045.15/2053.25 2061.37;2056.37 2053.87;2035.43 2045.15
7_6118_982_13038|71.5|640.53 1300.89;631.00 1300.73;630.60 1325.08/568.81 1299.72;631.00 1300.73;630.60 1325.08/568.81 1299.72;578.35 1299.88;578.75 1275.53/640.53 1300.89;578.35 1299.88;578.75 1275.53
7_7406_1689_19623|102.8|715.53 1926.03;746.05 1934.63;748.71 1925.19/715.53 1926.03;737.74 1958.03;764.12 1939.73/765.63 1998.23;737.74 1958.03;764.12 1939.73/764.12 1939.73;746.05 1934.63;748.71 1925.19/765.63 1998.23;750.54 1976.48;717.43 1999.46/715.53 1926.03;750.54 1976.48;717.43 1999.46
8_-1122_963_32112|82.0|-95.16 3200.47;-122.27 3194.96;-100.67 3227.58;-127.78 3222.07
8_-2197_765_28932|58.0|-205.82 2901.32;-204.37 2888.28;-235.07 2898.05;-233.62 2885.01
8_-2920_1340_31542|78.7|-291.30 3132.82;-284.72 3146.58;-293.16 3150.62/-291.30 3132.82;-288.93 3137.77;-280.00 3133.50/-282.24 3151.78;-284.72 3146.58;-293.16 3150.62/-282.24 3151.78;-288.93 3137.77;-280.00 3133.50
8_-80_1119_26268|86.3|-30.61 2689.18;-29.70 2604.16;-32.11 2604.14/-38.15 2604.68;-37.70 2602.81;-32.11 2604.14/-29.31 2567.38;-37.70 2602.81;-32.11 2604.14/-29.31 2567.38;-29.70 2604.16;-32.11 2604.14/-53.99 2563.50;-29.85 2561.35;-29.31 2567.38/-53.99 2563.50;-49.51 2575.16;-29.31 2567.38/-38.15 2604.68;-49.51 2575.16;-29.31 2567.38/-30.61 2689.18;-29.31 2567.38;31.59 2568.03/31.59 2568.03;41.83 2682.72;-30.61 2689.18
8_1360_1371_26452|106.2|149.24 2617.71;147.41 2623.32;153.88 2625.43/153.88 2625.43;132.88 2669.80;135.89 2671.23/118.40 2671.23;143.72 2627.31;123.52 2615.67/145.67 2675.85;146.90 2667.88;151.84 2668.65/130.74 2674.32;147.41 2623.32;153.88 2625.43/149.26 2652.70;146.90 2667.88;151.84 2668.65/130.74 2674.32;132.88 2669.80;135.89 2671.23/135.89 2671.23;148.13 2651.98;149.26 2652.70/149.24 2617.71;120.14 2668.20;130.74 2674.32/149.24 2617.71;143.72 2627.31;123.52 2615.67/118.40 2671.23;120.14 2668.20;130.74 2674.32/153.88 2625.43;149.26 2637.18;150.80 2637.78/135.89 2671.23;139.65 2673.01;149.26 2652.70/145.67 2675.85;139.65 2673.01;149.26 2652.70/135.89 2671.23;149.26 2637.18;150.80 2637.78/135.89 2671.23;149.40 2640.92;153.88 2642.92/150.80 2637.78;149.40 2640.92;153.88 2642.92/153.88 2642.92;148.13 2651.98;149.26 2652.70
8_198_1208_33922|90.2|-3.03 3394.15;11.94 3390.11;19.77 3419.12/42.64 3381.81;11.94 3390.11;19.77 3419.12/42.64 3381.81;33.39 3384.31;28.24 3365.23/-3.03 3394.15;33.39 3384.31;28.24 3365.23
8_3920_1881_23385|176.0|369.41 2364.88;419.83 2369.27;419.15 2377.09/331.80 2336.56;331.75 2362.12;320.99 2362.10/432.61 2370.39;383.41 2341.24;369.41 2364.88/331.74 2370.19;331.75 2362.12;320.99 2362.10/327.83 2308.31;383.41 2341.24;369.41 2364.88/369.41 2364.88;347.92 2348.70;331.74 2370.19/331.80 2336.56;347.92 2348.70;331.74 2370.19/458.14 2381.20;434.09 2367.74;432.61 2370.39/327.83 2308.31;434.09 2367.74;432.61 2370.39/369.41 2364.88;342.70 2328.55;331.80 2336.56/327.83 2308.31;342.70 2328.55;331.80 2336.56/358.80 2289.54;391.75 2319.94;408.54 2301.75/339.96 2292.20;350.71 2300.29;358.80 2289.54/458.14 2381.20;391.75 2319.94;408.54 2301.75/458.14 2381.20;446.38 2362.36;463.58 2351.62/408.54 2301.75;439.57 2313.69;446.21 2296.44/446.21 2296.44;462.32 2308.58;454.23 2319.32/408.54 2301.75;442.37 2332.41;454.23 2319.32/458.14 2381.20;350.71 2300.29;358.80 2289.54/327.83 2308.31;339.96 2292.20;458.14 2381.20/432.61 2370.39;419.83 2369.27;419.15 2377.09/454.23 2319.32;439.57 2313.69;446.21 2296.44/408.54 2301.75;446.38 2362.36;463.58 2351.62/463.58 2351.62;442.37 2332.41;454.23 2319.32
8_4776_1443_26101|124.5|494.99 2594.89;483.57 2601.22;492.26 2616.92/460.88 2613.78;483.57 2601.22;492.26 2616.92/494.99 2594.89;469.72 2608.88;462.82 2596.42/460.88 2613.78;469.72 2608.88;462.82 2596.42
8_7180_1690_28811|128.9|706.75 2872.81;718.05 2881.14;709.80 2892.35/729.18 2889.33;718.05 2881.14;709.80 2892.35/706.75 2872.81;717.87 2881.00;726.13 2869.78/729.18 2889.33;717.87 2881.00;726.13 2869.78
9_-10182_1281_405|62.0|-1050.75 14.46;-1035.06 20.50;-1031.98 12.52/-991.75 37.18;-1035.06 20.50;-1031.98 12.52/-985.59 52.00;-1013.19 36.10;-1031.84 68.46/-1050.75 14.46;-1013.19 36.10;-1031.84 68.46/-985.59 52.00;-996.63 45.64;-991.75 37.18/-1050.75 14.46;-996.63 45.64;-991.75 37.18
9_-11117_1663_986|118.6|-1115.98 170.53;-1108.51 168.50;-1107.33 172.83/-1106.61 24.42;-1127.91 26.18;-1115.98 170.53/-1106.61 24.42;-1114.77 151.67;-1059.51 155.22/-1115.98 170.53;-1114.77 151.67;-1059.51 155.22/-1163.93 29.16;-1127.91 26.18;-1115.98 170.53/-1059.51 155.22;-1108.51 168.50;-1107.33 172.83
9_-12351_1452_869|68.1|-1242.51 128.48;-1242.69 43.58;-1234.44 43.56/-1242.69 42.28;-1242.59 90.64;-1246.80 90.65/-1242.51 128.48;-1242.59 90.64;-1246.80 90.65/-1246.80 90.65;-1260.47 47.98;-1242.69 42.28/-1242.51 128.48;-1253.91 92.93;-1246.80 90.65/-1242.69 42.28;-1242.69 43.58;-1234.44 43.56/-1234.44 43.56;-1210.51 118.23;-1242.51 128.48
9_-13685_1823_6371|104.9|-1353.47 627.39;-1355.15 626.47;-1355.91 627.86/-1389.27 607.81;-1369.72 637.08;-1355.91 627.86/-1347.64 670.13;-1369.72 637.08;-1355.91 627.86/-1353.47 627.39;-1358.85 613.08;-1356.91 612.34/-1389.27 607.81;-1355.15 626.47;-1355.91 627.86/-1389.27 607.81;-1363.86 621.70;-1358.97 612.76/-1353.47 627.39;-1363.86 621.70;-1358.97 612.76/-1347.64 670.13;-1354.04 660.54;-1375.83 675.10/-1389.27 607.81;-1354.04 660.54;-1375.83 675.10/-1358.97 612.76;-1363.62 612.00;-1361.52 599.17/-1389.27 607.81;-1363.62 612.00;-1361.52 599.17/-1358.97 612.76;-1358.85 613.08;-1356.91 612.34
9_-14770_1458_10103|112.4|-1494.54 1055.26;-1465.02 1035.97;-1460.31 1043.18/-1458.28 1031.57;-1465.02 1035.97;-1460.31 1043.18/-1458.28 1031.57;-1450.22 1007.07;-1418.24 1017.60/-1482.98 1035.50;-1489.68 1046.95;-1499.44 1041.24/-1436.50 965.38;-1482.13 1036.05;-1482.98 1035.50/-1436.50 965.38;-1473.07 1022.01;-1458.28 1031.57/-1494.54 1055.26;-1489.68 1046.95;-1499.44 1041.24/-1494.54 1055.26;-1473.07 1022.01;-1458.28 1031.57/-1436.50 965.38;-1492.54 1015.38;-1488.38 1020.05/-1482.98 1035.50;-1477.51 1027.25;-1488.38 1020.05/-1494.54 1055.26;-1482.13 1036.05;-1482.98 1035.50/-1503.81 1025.44;-1492.54 1015.38;-1488.38 1020.05/-1436.50 965.38;-1477.51 1027.25;-1488.38 1020.05/-1436.50 965.38;-1523.51 1019.64;-1535.76 1000.00/-1527.94 1022.40;-1523.51 1019.64;-1535.76 1000.00/-1436.50 965.38;-1450.22 1007.07;-1418.24 1017.60/-1503.81 1025.44;-1500.73 1022.69;-1507.38 1015.23/-1436.50 965.38;-1509.92 1011.16;-1507.38 1015.23/-1527.94 1022.40;-1509.92 1011.16;-1507.38 1015.23/-1436.50 965.38;-1500.73 1022.69;-1507.38 1015.23
9_-15492_1116_3884|97.4|-1522.40 411.65;-1534.94 421.99;-1576.28 371.84/-1522.40 411.65;-1528.30 424.94;-1534.94 421.99/-1575.55 352.29;-1565.59 356.71;-1567.06 360.03/-1576.28 371.84;-1586.24 367.42;-1581.82 357.45/-1581.82 357.45;-1519.73 395.80;-1518.35 393.57/-1513.18 399.84;-1519.08 413.13;-1522.40 411.65/-1581.82 357.45;-1571.38 363.90;-1576.28 371.84/-1513.19 399.84;-1571.38 363.90;-1576.28 371.84/-1513.18 399.84;-1516.51 398.37;-1522.40 411.65/-1576.28 371.84;-1516.51 398.37;-1522.40 411.65/-1581.82 357.45;-1569.57 364.43;-1567.06 360.03/-1513.19 399.84;-1519.73 395.80;-1518.35 393.57/-1567.06 360.03;-1576.61 358.36;-1575.55 352.29/-1581.82 357.45;-1576.61 358.36;-1575.55 352.29/-1518.35 393.57;-1569.57 364.43;-1567.06 360.03
9_-16752_1631_6946|119.1|-1654.64 704.52;-1678.05 693.27;-1687.84 713.64/-1695.77 684.75;-1662.58 675.63;-1654.64 704.52/-1695.77 684.75;-1678.05 693.27;-1687.84 713.64
9_-17925_1954_9473|128.9|-1761.06 1008.91;-1763.82 1003.51;-1789.04 1016.40/-1824.02 885.67;-1763.82 1003.51;-1789.04 1016.40/-1761.06 1008.91;-1821.26 891.07;-1796.04 878.19/-1824.02 885.67;-1821.26 891.07;-1796.04 878.19
9_-4544_1163_6727|60.2|-410.81 681.84;-448.84 723.33;-482.79 692.22/-410.81 681.84;-482.79 692.22;-494.04 614.24/-494.04 614.24;-422.06 603.86;-410.81 681.84/-416.75 725.56;-424.74 728.58;-421.02 738.42/-494.04 614.24;-482.79 692.22;-488.79 693.09/-469.01 745.34;-448.84 723.33;-482.79 692.22/-469.01 745.34;-430.22 710.54;-416.75 725.56/-410.81 681.84;-424.93 697.24;-420.21 701.56/-420.21 701.56;-430.22 710.54;-416.75 725.56/-469.01 745.34;-424.74 728.58;-421.02 738.42/-469.01 745.34;-424.93 697.24;-420.21 701.56
9_-5479_1274_11886|60.4|-509.63 1175.76;-516.15 1175.99;-515.35 1198.19/-515.35 1198.19;-579.63 1180.35;-585.51 1201.51/-586.27 1178.50;-516.15 1175.99;-515.35 1198.19/-586.27 1178.50;-579.63 1180.35;-585.51 1201.51
9_-7630_1355_7622|70.5|-730.96 775.47;-742.44 770.70;-732.23 746.10/-795.17 748.82;-742.44 770.70;-732.23 746.10/-795.17 748.82;-783.69 753.58;-793.90 778.19/-730.96 775.47;-783.69 753.58;-793.90 778.19
9_-8429_1158_4767|70.4|-818.44 483.22;-857.18 497.68;-867.43 470.20/-867.43 470.20;-834.84 478.87;-828.69 455.75/-818.44 483.22;-834.84 478.87;-828.69 455.75
9_-8898_1256_10624|87.0|-899.80 1110.14;-887.61 1019.95;-914.82 1016.27/-886.90 1014.72;-887.61 1019.95;-914.82 1016.27/-899.80 1110.14;-888.00 1022.86;-886.44 1023.07/-899.80 1110.14;-896.09 1103.32;-884.66 1109.55/-885.61 1084.11;-896.09 1103.32;-884.66 1109.55/-867.10 1022.33;-889.56 1082.64;-885.61 1084.11/-867.10 1022.33;-869.70 1029.31;-886.44 1023.07/-899.80 1110.14;-869.70 1029.31;-886.44 1023.07/-886.90 1014.72;-888.00 1022.86;-886.44 1023.07/-885.61 1084.11;-883.68 1077.67;-864.81 1083.33/-899.80 1110.14;-889.56 1082.64;-885.61 1084.11/-867.10 1022.33;-883.68 1077.67;-864.81 1083.33