-2863,447,123.8,1.5
-2994,773,124.6,1.0
-2673,1278,134.1,1.5
-2671,1279,134.1,1.0
-2670,1280,134.1,0.8
-2668,1280,134.1,0.7
-2664,1282,134.1,1.1
-2672,1278,134.1,1.3
-2664,1282,134.1,1.1
-2672,1277,134.1,0.8
-2664,1281,134.1,1.1
-2664,1281,134.1,1.1
-2663,1280,134.1,1.2
-2663,1280,134.1,1.4
-2663,1279,134.1,1.5
-2663,1278,134.1,1.7
-2662,1278,134.1,1.8
-2662,1277,134.1,2.0
-2662,1277,134.1,2.1
-2662,1276,134.1,1.6
-2662,1276,134.1,1.1
-2661,1275,134.1,0.6
-2669,1271,134.1,0.7
-2669,1270,134.1,0.7
-2195,-1453,54.1,0.6
-2185,-1447,54.1,1.1
-2370,-1145,64.1,1.6
-2380,-1134,64.1,1.4
-2104,-124,92.1,1.9
-2363,575,124.2,0.9
-2342,563,124.2,0.6
-2332,557,124.2,0.9
-2207,654,112.0,1.1
-2513,1595,136.1,0.6
-1918,-2094,66.1,0.8
-1833,-2017,64.2,2.1
-1828,-2020,64.2,0.5
-1823,-2024,64.2,1.7
-1823,-1022,54.1,0.7
-1837,-1036,54.1,0.5
-2083,-675,69.9,1.0
-2077,-668,69.9,0.6
-2069,-688,68.7,0.5
-1822,470,87.0,0.7
-1811,456,86.7,0.8
-2061,770,103.9,1.7
-2055,775,103.9,0.6
-2054,776,103.9,2.0
-1999,692,97.3,0.9
-1916,589,90.7,0.7
-1910,582,90.4,0.9
-1827,864,88.2,1.8
-1830,852,88.2,1.8
-1833,840,88.2,1.8
-1836,828,88.2,1.8
-1839,816,88.2,1.8
-1842,804,88.2,1.8
-1832,865,88.6,1.4
-1835,853,88.6,1.4
-1838,841,88.6,1.4
-1841,829,88.6,1.4
-1844,817,88.6,1.4
-1847,805,88.6,1.4
-1837,866,88.9,1.1
-1840,854,88.9,1.1
-1843,842,88.9,1.1
-1846,830,88.9,1.1
-1849,818,88.9,1.1
-1852,806,88.9,1.1
-1842,867,89.3,0.7
-1845,855,89.3,0.7
-1848,843,89.3,0.7
-1851,832,89.3,0.7
-1854,820,89.3,0.7
-1856,808,89.3,0.7
-1666,820,80.3,5.7
-1669,810,80.3,5.7
-1671,800,80.3,3.8
-1676,822,80.7,5.3
-1678,812,80.7,5.3
-1681,802,80.7,4.5
-1686,825,81.2,4.8
-1688,815,81.2,4.8
-1691,804,81.2,4.8
-1695,827,81.7,4.3
-1698,817,81.7,4.3
-1700,807,81.7,4.3
-1705,830,82.2,3.8
-1708,820,82.2,3.8
-1710,809,82.2,3.8
-1713,799,82.2,1.2
-1715,832,82.7,3.3
-1717,822,82.7,3.3
-1720,812,82.7,3.3
-1723,802,82.7,2.4
-1725,835,83.1,2.9
-1727,824,83.1,2.9
-1730,814,83.1,2.9
-1732,804,83.1,2.9
-1734,837,83.6,2.4
-1737,827,83.6,2.4
-1740,817,83.6,2.4
-1742,807,83.6,2.4
-1744,840,84.1,1.9
-1747,829,84.1,1.9
-1749,819,84.1,1.9
-1752,809,84.1,1.9
-1754,842,84.6,1.4
-1757,832,84.6,0.9
-1762,811,84.6,4.5
-1764,801,84.6,4.3
-1764,844,85.1,4.9
-1766,834,85.1,4.9
-1769,824,85.1,4.9
-1771,814,85.1,4.9
-1774,804,85.1,4.9
-1774,847,85.5,4.5
-1776,837,85.5,4.5
-1779,826,85.5,4.5
-1781,816,85.5,4.5
-1784,806,85.5,4.5
-1783,849,86.0,4.0
-1786,839,86.0,4.0
-1788,829,86.0,4.0
-1791,819,86.0,4.0
-1794,809,86.0,4.0
-1793,852,86.5,3.5
-1796,842,86.5,3.5
-1798,831,86.5,3.5
-1801,821,86.5,3.5
-1803,811,86.5,3.5
-1806,801,86.5,2.2
-1803,854,87.0,3.0
-1806,844,87.0,3.0
-1808,834,87.0,3.0
-1811,824,87.0,3.0
-1813,813,87.0,3.0
-1816,803,87.0,2.9
-1813,857,87.5,2.5
-1815,846,87.5,2.5
-1818,836,87.5,2.5
-1820,826,87.5,2.5
-1823,816,87.5,2.5
-1825,806,87.5,2.5
-1823,859,87.9,2.1
-1825,849,87.9,2.1
-1828,839,87.9,2.1
-1830,829,87.9,2.1
-1833,818,87.9,2.1
-1835,808,87.9,2.1
-1718,529,76.7,0.8
-1616,814,80.3,5.7
-1619,815,80.3,5.7
-1621,816,80.3,5.7
-1624,817,80.3,5.7
-1626,818,80.3,5.7
-1629,819,80.3,5.7
-1632,819,80.3,5.7
-1614,822,80.9,5.1
-1616,823,80.9,5.1
-1619,824,80.9,5.1
-1622,824,80.9,5.1
-1624,825,80.9,5.1
-1627,826,80.9,5.1
-1629,827,80.9,5.1
-1611,830,81.5,4.5
-1614,830,81.5,4.5
-1617,831,81.5,4.5
-1619,832,81.5,4.5
-1622,833,81.5,4.5
-1624,834,81.5,4.5
-1627,834,81.5,4.5
-1609,837,82.1,3.9
-1612,838,82.1,3.9
-1614,839,82.1,3.9
-1617,840,82.1,3.9
-1619,840,82.1,3.9
-1622,841,82.1,3.9
-1624,842,82.1,3.9
-1607,845,82.7,3.3
-1609,845,82.7,3.3
-1612,846,82.7,3.3
-1614,847,82.7,3.3
-1617,848,82.7,3.3
-1619,849,82.7,3.3
-1622,850,82.7,3.3
-1604,852,83.3,2.7
-1607,853,83.3,2.7
-1609,854,83.3,2.7
-1612,855,83.3,2.7
-1615,855,83.3,2.7
-1617,856,83.3,2.7
-1620,857,83.3,2.7
-1602,860,83.9,2.1
-1604,861,83.9,2.1
-1607,861,83.9,2.1
-1610,862,83.9,2.1
-1612,863,83.9,2.1
-1615,864,83.9,2.1
-1617,865,83.9,2.1
-1599,867,84.5,1.5
-1602,868,84.5,1.5
-1605,869,84.5,1.5
-1607,870,84.5,1.5
-1610,871,84.5,1.5
-1612,871,84.5,1.5
-1615,872,84.5,1.5
-1597,875,85.1,0.9
-1600,876,85.1,0.9
-1602,876,85.1,0.9
-1605,877,85.1,0.9
-1607,878,85.1,0.9
-1610,879,85.1,0.9
-1612,880,85.1,0.9
-1726,999,98.0,1.0
-2003,1161,119.9,0.6
-1621,1498,86.9,0.6
-1691,1256,104.0,3.0
-1692,1254,104.0,0.5
-1852,1039,104.0,1.1
-1850,1046,104.0,0.6
-1849,1048,104.0,1.8
-1784,1018,100.7,1.6
-1884,1320,110.7,1.1
-1169,-1917,81.3,0.7
-1180,-1915,80.7,1.1
-1201,-735,44.1,1.3
-1342,-630,48.1,0.8
-1322,-609,48.1,0.6
-1340,-632,48.1,0.5
-1590,798,77.9,2.8
-1174,1259,88.5,0.7
-1475,1384,92.2,0.7
-1473,1383,92.2,2.0
-1462,1404,92.2,0.7
-1472,1383,92.2,2.8
-1470,1386,92.2,2.0
-1468,1389,92.2,0.6
-1461,1403,92.2,1.0
-1205,2685,69.3,1.1
-1212,2682,69.5,1.1
-1219,2680,69.8,0.9
-1213,2665,69.8,0.6
-1225,2677,70.0,0.7
-1220,2662,70.0,0.9
-787,-1513,88.9,1.2
-519,-1181,95.9,0.9
-553,-1113,91.1,0.7
-555,-1106,90.7,0.8
-558,-1099,90.2,1.3
-562,-1084,89.2,0.7
-565,-1077,88.7,0.6
-916,1393,74.5,0.7
-168,-1818,96.2,0.9
-463,-1436,105.3,0.6
-467,-1420,106.0,0.8
-526,-1202,98.2,0.8
-140,1004,60.0,1.4
-327,2427,58.1,1.7
241,-1920,92.1,0.9
290,867,64.1,2.2
292,867,64.1,1.4
293,867,64.1,0.6
291,861,63.9,1.0
300,862,63.9,1.1
301,856,63.8,0.6
316,672,62.1,0.7
321,497,62.2,0.8
320,497,62.2,0.8
319,496,62.2,0.6
320,502,62.5,0.5
472,2427,110.1,6.4
466,2323,108.1,0.5
498,2505,114.5,0.6
497,2498,114.2,1.9
67,2370,74.4,1.3
234,2160,86.4,0.6
292,2191,91.9,8.2
310,2022,84.3,0.5
402,2177,99.0,0.5
289,2223,92.1,12.2
296,2382,94.6,3.4
296,2384,94.6,3.4
296,2385,94.6,3.4
296,2387,94.6,3.4
296,2388,94.6,3.4
296,2390,94.6,3.4
295,2391,94.6,3.4
307,2384,95.4,2.6
307,2385,95.4,2.6
307,2387,95.4,2.6
307,2388,95.4,2.6
307,2390,95.4,2.6
306,2391,95.4,2.6
306,2393,95.4,2.6
318,2385,96.3,1.7
318,2386,96.3,1.7
318,2388,96.3,1.7
318,2389,96.3,1.7
318,2391,96.3,1.7
317,2392,96.3,1.7
317,2394,96.3,1.7
329,2386,97.1,0.9
329,2388,97.1,0.9
329,2389,97.1,0.9
329,2391,97.1,0.9
329,2392,97.1,0.9
328,2394,97.1,0.9
328,2395,97.1,0.9
405,2404,103.0,0.7
420,2406,104.2,9.4
467,2638,111.5,0.8
458,2637,110.9,1.4
343,3329,97.4,0.6
337,3324,97.4,0.6
331,3318,97.4,0.6
325,3312,97.4,0.6
318,3307,97.4,0.6
312,3301,97.4,0.6
306,3296,97.4,0.6
341,3332,97.1,0.9
335,3326,97.1,0.9
328,3321,97.1,0.9
322,3315,97.1,0.9
316,3310,97.1,0.9
309,3304,97.1,0.9
303,3299,97.1,0.9
338,3335,96.9,1.1
332,3329,96.9,1.1
326,3324,96.9,1.1
319,3318,96.9,1.1
313,3313,96.9,1.1
307,3307,96.9,1.1
301,3302,96.9,1.1
336,3338,96.7,1.3
329,3332,96.7,1.3
323,3327,96.7,1.3
317,3321,96.7,1.3
310,3316,96.7,1.3
304,3310,96.7,1.3
298,3304,96.7,1.3
333,3341,96.4,1.6
327,3335,96.4,1.6
320,3330,96.4,1.6
314,3324,96.4,1.6
308,3319,96.4,1.6
302,3313,96.4,1.6
295,3307,96.4,1.6
330,3344,96.2,1.8
324,3338,96.2,1.8
318,3333,96.2,1.8
312,3327,96.2,1.8
305,3322,96.2,1.8
299,3316,96.2,1.8
293,3310,96.2,1.8
99,3109,88.9,7.7
814,-323,84.7,2.1
740,809,66.1,0.8
517,2587,117.1,0.9
514,2574,116.9,0.7
1536,159,110.2,1.6
1537,157,110.2,10.2
1538,154,110.2,1.7
1224,1852,78.1,0.6
1311,2382,93.4,2.7
1311,2380,93.4,3.1
1311,2394,93.6,2.6
1310,2392,93.6,3.0
1309,2390,93.6,3.4
1309,2388,93.6,3.9
1308,2386,93.6,4.3
1307,2384,93.6,4.4
1306,2382,93.6,4.4
1307,2396,93.9,4.1
1306,2394,93.9,4.1
1305,2392,93.9,4.1
1304,2390,93.9,4.1
1303,2388,93.9,4.1
1302,2386,93.9,4.1
1301,2384,93.9,4.1
1302,2397,94.1,3.9
1301,2396,94.1,3.9
1300,2394,94.1,3.9
1299,2392,94.1,3.9
1299,2390,94.1,3.9
1298,2388,94.1,3.9
1297,2386,94.1,3.9
1297,2399,94.3,3.7
1297,2398,94.3,3.7
1296,2396,94.3,3.7
1295,2394,94.3,3.7
1294,2392,94.3,3.7
1293,2390,94.3,3.7
1292,2388,94.3,3.7
1293,2401,94.6,3.4
1292,2400,94.6,3.4
1291,2398,94.6,3.4
1290,2396,94.6,3.4
1290,2394,94.6,3.4
1289,2392,94.6,3.4
1288,2390,94.6,3.4
1288,2403,94.8,3.2
1288,2402,94.8,3.2
1287,2400,94.8,3.2
1286,2398,94.8,3.2
1285,2396,94.8,3.2
1284,2394,94.8,3.2
1283,2392,94.8,3.2
1284,2405,95.1,2.9
1283,2403,95.1,2.9
1282,2402,95.1,2.9
1281,2400,95.1,2.9
1280,2398,95.1,2.9
1280,2396,95.1,2.9
1279,2394,95.1,2.9
1279,2407,95.3,2.7
1278,2405,95.3,2.7
1278,2404,95.3,2.7
1277,2402,95.3,2.7
1276,2400,95.3,2.7
1275,2398,95.3,2.7
1274,2396,95.3,2.7
1275,2409,95.5,2.5
1274,2407,95.5,2.5
1273,2406,95.5,2.5
1272,2404,95.5,2.5
1271,2402,95.5,2.5
1271,2400,95.5,2.5
1270,2398,95.5,2.5
1270,2411,95.8,2.2
1269,2409,95.8,2.2
1269,2407,95.8,2.2
1268,2406,95.8,2.2
1267,2404,95.8,2.2
1266,2402,95.8,2.2
1265,2400,95.8,2.2
1266,2413,96.0,2.0
1265,2411,96.0,2.0
1264,2409,96.0,2.0
1263,2408,96.0,2.0
1262,2406,96.0,2.0
1261,2404,96.0,2.0
1261,2402,96.0,2.0
1264,2412,96.1,1.9
1266,2412,96.1,1.9
1268,2411,96.1,1.9
1271,2411,96.1,1.9
1273,2411,96.1,1.9
1275,2411,96.1,1.9
1277,2410,96.1,1.9
1263,2405,95.8,2.2
1265,2405,95.8,2.2
1268,2405,95.8,2.2
1270,2405,95.8,2.2
1272,2404,95.8,2.2
1274,2404,95.8,2.2
1276,2404,95.8,2.2
1263,2399,95.6,2.4
1265,2398,95.6,2.4
1267,2398,95.6,2.4
1269,2398,95.6,2.4
1271,2398,95.6,2.4
1273,2397,95.6,2.4
1275,2397,95.6,2.4
1262,2392,95.3,2.7
1264,2392,95.3,2.7
1266,2391,95.3,2.7
1268,2391,95.3,2.7
1270,2391,95.3,2.7
1272,2391,95.3,2.7
1274,2390,95.3,2.7
1261,2385,95.1,2.9
1263,2385,95.1,2.9
1265,2385,95.1,2.9
1267,2384,95.1,2.9
1269,2384,95.1,2.9
1271,2384,95.1,2.9
1273,2384,95.1,2.9
1260,2379,94.9,3.1
1262,2378,94.9,3.1
1264,2378,94.9,3.1
1266,2378,94.9,3.1
1268,2377,94.9,3.1
1270,2377,94.9,3.1
1272,2377,94.9,3.1
1259,2372,94.6,3.4
1261,2372,94.6,3.4
1263,2371,94.6,3.4
1265,2371,94.6,3.4
1267,2371,94.6,3.4
1269,2370,94.6,3.4
1271,2370,94.6,3.4
1258,2365,94.4,3.6
1260,2365,94.4,3.6
1262,2365,94.4,3.6
1264,2364,94.4,3.6
1266,2364,94.4,3.6
1268,2364,94.4,3.6
1271,2363,94.4,3.6
1257,2358,94.1,3.9
1259,2358,94.1,3.9
1261,2358,94.1,3.9
1263,2358,94.1,3.9
1266,2357,94.1,3.9
1268,2357,94.1,3.9
1270,2357,94.1,3.9
1256,2352,93.9,4.1
1258,2351,93.9,4.1
1260,2351,93.9,4.1
1263,2351,93.9,4.1
1265,2351,93.9,4.1
1267,2350,93.9,4.1
1269,2350,93.9,4.1
1255,2345,93.7,4.3
1257,2345,93.7,4.3
1260,2344,93.7,4.3
1262,2344,93.7,4.3
1264,2344,93.7,4.3
1266,2344,93.7,4.3
1268,2343,93.7,4.3
1255,2338,93.4,4.0
1257,2338,93.4,3.9
1259,2338,93.4,3.7
1261,2338,93.4,3.6
1263,2337,93.4,3.4
1265,2337,93.4,3.3
1267,2337,93.4,3.2
1672,-390,108.1,0.7
2060,-325,130.9,0.6
1629,160,114.5,6.4
1626,166,114.4,0.6
1961,376,109.0,0.7
2334,-227,106.1,2.3
2329,-249,108.1,1.9
2331,-249,108.1,1.9
2334,-249,108.1,0.8
2329,-251,108.3,1.7
2331,-251,108.3,1.7
2333,-251,108.3,0.8
2328,-254,108.4,1.6
2331,-254,108.4,1.6
2333,-254,108.4,0.7
2328,-256,108.5,1.5
2331,-256,108.5,1.5
2333,-256,108.5,0.7
2328,-258,108.6,1.4
2331,-258,108.6,1.4
2333,-259,108.6,0.6
2328,-261,108.7,1.3
2330,-261,108.7,1.3
2333,-261,108.7,0.6
2328,-263,108.9,1.1
2330,-263,108.9,1.1
2333,-263,108.9,0.5
2328,-265,109.0,1.0
2330,-266,109.0,1.0
2328,-268,109.1,0.9
2330,-268,109.1,0.9
2328,-270,109.2,0.8
2330,-270,109.2,0.8
2327,-273,109.3,0.7
2330,-273,109.3,0.7
2327,-275,109.5,0.6
2330,-275,109.5,0.5
2341,-278,109.6,0.8
2341,-281,109.7,0.8
2341,-283,109.8,0.7
2327,-285,109.9,0.6
2341,-285,109.9,0.6
2327,-287,110.1,0.9
2341,-288,110.1,0.5
2373,91,112.1,0.7
2378,91,112.1,0.7
2175,136,114.3,0.5
2394,408,97.0,0.6
2093,344,100.0,0.7
2094,356,99.8,1.3
3073,-1337,132.1,1.2