-2199,-2237,0.78
532,-461,0.56
125,3216,2.72
-1388,1572,1.53
-2232,-2226,0.67
-2143,-2308,0.74
999,2464,0.50
-1690,466,0.91
-1799,415,0.73
-2385,-159,0.75
1148,546,0.53
-60,2528,1.37
-959,464,0.92
1351,990,0.72
-2491,436,0.86
176,3051,0.60
1436,2537,0.79
1542,2005,9.10
-1113,880,0.55
-539,-1807,0.64
-1509,-1703,0.58
2398,-954,0.52
-1387,1574,2.35
-1185,-193,0.54
1075,2457,0.83
-2012,245,1.00
-1816,1422,0.79
44,2179,1.12
130,2156,1.00
2525,-644,0.66
1310,-436,1.05
-2349,-2208,0.69
1786,-929,0.75
-1982,490,1.41
722,-1134,0.74
1866,-133,0.75
2311,-944,0.91
1469,-366,0.50
2431,286,1.40
1268,940,0.59
-1055,2619,0.52
1575,1253,0.51
1274,2894,0.55
344,2857,0.53
1087,-11,1.52
-22,-1351,0.96
-652,2444,1.87
599,427,0.91
123,-1650,0.51
1480,358,0.62
889,-1370,0.53
1916,450,0.74
-713,-1475,0.64
-214,-1056,0.89
-4,-1424,0.69
-101,3162,0.92
-1846,1692,0.69
1838,577,0.85
-443,-1193,0.55
1340,-1353,0.87
1548,28,0.51
1549,666,0.50
2518,-132,0.59
-1343,2503,1.17
1520,-708,0.53
-918,786,0.58
2379,-237,1.36
-2028,367,0.65
1199,678,0.53
1932,-620,0.52
-1691,-1620,0.56
231,-1524,0.52
1314,-1145,0.57
423,-229,0.68
132,2472,0.82
104,-1645,1.00
1565,1452,0.62
365,-1487,0.60
-279,2721,0.55
2284,-2329,1.26
1839,327,1.38
234,1264,0.96
300,2211,1.00
2311,-2316,0.76
-932,-1776,0.56
-1399,1173,0.55
-1074,1483,0.50
2073,446,0.67
-591,2414,0.50
-1838,1420,0.95
1256,-442,0.65
-1054,1905,0.54
-446,830,0.85
718,2604,0.54
1307,2458,0.50
-1706,1400,2.54
1198,1950,0.68
-661,-1099,0.90
135,2583,0.66
-2074,1717,0.67
-407,-1506,0.55
-955,699,1.00
-1490,1055,0.54
-1661,437,0.50
2368,-40,1.13
-1064,1387,0.52
1198,-430,0.56
-848,-1309,0.50
696,798,0.50
-701,-1155,0.75
302,-1077,0.50
-834,19,0.57
3,-1633,1.00
-1578,-142,0.53
485,-1041,0.60
-1966,-70,0.50
-2530,-1969,0.55
270,-1575,2.69
2379,-228,1.83
-491,-100,0.52
-1217,-132,0.73
-689,-1156,0.61
1486,904,0.59
1419,2497,0.99
-923,1014,0.98
2318,-1038,0.50
239,-365,0.52
-666,2101,0.64
806,-339,0.67
-570,-1034,0.56
2538,-29,0.51
560,-393,0.50
-463,522,0.88
-2338,-2236,0.92
1393,1,0.55
44,3183,0.85
2189,271,0.52
-2124,-2283,0.75
-661,-1267,1.15
254,3185,0.69
1285,-1753,0.65
-833,309,1.56
1488,807,0.75
1194,2172,0.74
-2143,1671,1.63
-1142,819,0.57
-2028,233,1.27
996,-398,2.79
1452,1813,0.56
-2324,-1378,0.50
1193,-440,0.51
-2045,1701,1.12
1641,-1004,0.50
286,1657,1.23
-1690,716,0.86
-20,2379,0.64
-1707,1744,3.76
1125,32,1.30
1019,2039,0.50
375,-1244,0.52
-1003,-736,3.89
-2396,-2312,1.46
1129,-610,0.57
-1326,-1020,1.00
2493,-555,0.61
998,-396,2.07
-1488,790,0.91
1033,-677,0.66
-2395,-2100,0.54
-882,1744,0.54
-1959,-1788,0.65
-2383,-2276,0.86
2119,-1268,0.53
-1106,1937,0.65
-1467,1536,1.06
549,2070,0.67
-1483,2201,0.69
746,-750,0.65
2257,-1691,0.53
-2284,-2258,0.84
-1409,1666,0.92
-2162,-2378,0.85
1382,2193,0.60
722,-746,0.62
-1655,-503,0.71
883,-592,0.65
1660,144,0.91
-1390,2352,0.79
-1370,1220,0.59
1131,2615,0.52
-1159,891,0.71
287,2600,1.17
-63,2507,0.50
236,1262,0.66
1768,429,0.85
2382,-89,1.30
-1646,-1362,0.74
428,-1390,2.44
660,414,8.50
-2020,-755,1.21
83,-935,0.61
1496,1923,0.51
-1802,-661,1.66
-771,-1430,0.79
981,-1088,0.59
270,1110,0.61
1527,1973,0.75
1774,-100,0.85
-1031,2330,0.54
1428,2442,0.60
561,2071,0.63
411,-5,1.21
1859,426,1.11
-1601,658,1.00
-2095,-2277,0.52
1293,-422,0.57
-878,1137,0.55
-1398,-171,1.30
1306,973,0.76
-77,-1517,0.67
-1903,-1706,0.51
574,407,1.25
825,-705,0.51
-712,1171,0.55
-1790,1850,0.60
1654,145,0.89
1549,25,1.26
-1689,1323,2.52
2304,-307,0.76
2251,-757,0.50
1773,376,0.88
2257,-2009,0.51
606,635,0.82
-1464,-1522,0.73
-825,2282,0.59
525,-1025,0.58
423,-1484,1.31
224,-1797,0.59
1469,653,0.65
-1702,-1109,0.57
-533,-1669,0.62
-1943,1487,1.16
1709,867,0.62
597,-154,0.50
1,3112,0.93
1539,471,0.55
2107,458,0.65
2425,223,0.56
-2590,-2111,0.64
-1565,-1566,0.52
-1813,1928,0.51
1157,-1033,0.50
-1911,-1693,0.53
1934,610,0.75
-996,634,1.02
-1647,-1525,0.80
-2356,57,0.51
-1393,1605,1.56
-559,2349,2.64
-1234,957,0.56
-882,443,2.21
-2150,-2373,1.00
680,358,22.49
1131,2620,0.83
1187,1937,0.54
1992,272,0.75
2309,-313,0.74
390,1517,0.69
837,1560,1.22
1869,-146,0.62
-759,1049,0.51
-642,-974,0.54
1649,138,0.60
1932,743,0.52
241,-1494,1.63
-1835,-1939,0.51
-603,-1686,0.50
706,1925,1.52
-1158,-1136,0.65
2327,-869,0.71
1324,-1400,1.48
-1123,902,0.50
1339,2366,0.59
-1709,515,0.94
-1906,-1489,0.60
1235,-1283,0.62
-2274,-2228,0.74
-1739,1727,1.02
530,1816,0.64
2031,-1724,1.02
1235,-390,0.76
2323,-723,1.41
-2157,-486,0.51
-1101,-1644,1.00
523,1215,0.97
-870,-955,0.52
1633,255,0.51
1479,656,0.83
-2031,-2287,0.76
1524,-47,1.51
-2060,198,1.29
1051,-636,0.70
794,186,0.51
387,1859,1.42
1046,676,0.66
1097,2445,0.56
-2379,-574,1.35
-1977,1135,0.89
1057,-2018,0.50
-1321,-988,1.47
105,2383,0.65
1305,758,0.68
-965,-1397,0.73
-1439,438,2.17
1034,2395,0.59
103,-487,0.52
-1649,-314,0.62
-1429,-401,0.58
1197,-376,0.93
-1222,-1226,0.58
1061,1670,0.63
135,-1556,0.63
216,-1012,0.56
210,-1622,0.58
522,-982,0.50
-765,472,0.50
2474,-600,0.50
-94,1761,0.50
401,2846,0.58
-1463,-445,0.54
887,-1084,0.69
-636,-1420,0.67
-1869,1807,0.50
-1355,2548,0.57
511,2488,0.52
1616,122,1.30
780,-264,0.80
287,2596,1.01
17,153,0.60
926,1937,3.59
-1696,679,1.00
-1814,-286,1.26
836,-1425,0.81
1,-1654,1.42
-415,-1508,0.51
46,-1677,1.47
-657,2400,0.64
-978,-1403,0.62
-1332,2493,1.28
-339,2467,0.52
-1745,577,0.69
165,2114,0.61
-326,2938,1.45
-1779,-2208,0.52
665,151,0.86
1442,352,0.54
1705,-473,0.65
-1301,2193,0.68
-2056,762,0.68
-1651,601,1.37
-226,1135,0.52
943,1945,0.53
-1594,-338,1.62
837,1582,0.80
898,-1207,1.88
2310,-168,0.58
-2429,-271,0.50
11,-1444,0.50
1312,-263,1.21
1408,2196,1.65
-264,-1078,0.60
847,-1075,0.68
2130,-1500,0.59
1279,2208,0.61
879,22,0.52
-1531,799,1.02
-1549,1498,1.27
268,-1215,1.55
-1965,-1572,0.69
607,-455,0.52
542,1592,0.57
1772,-86,0.59
2358,-1220,0.67
2316,-864,0.57
-1352,767,1.07
1553,183,0.55
165,2079,0.58
-654,234,1.23
-921,464,0.62
318,-347,0.78
-706,-414,0.81
1042,-1140,0.57
747,-749,0.62
-1114,1461,0.50
-537,-116,0.69
-2125,-2282,0.64
1014,732,0.57
-595,-1695,0.53
2406,-1115,0.60
-225,1101,0.62
1185,-625,0.70
-2180,-2388,0.64
1887,439,0.76
1385,2456,0.86
-1584,658,1.20
205,3364,0.56
-408,-1674,0.83
480,-1522,1.49
1389,587,0.78
-1360,2563,0.54
-591,2411,0.51
-979,1455,0.56
-1172,1293,1.39
-496,-1239,0.70
2360,-302,1.33
-971,663,0.65
-206,902,0.94
4,3277,0.56
-1771,1541,1.11
1922,-1001,0.54
321,2103,0.67
134,2537,1.27
-216,-755,0.50
877,1720,0.56
-752,76,0.54
-1788,-2286,0.50
-1094,-1139,0.54
-1203,-624,0.57
-2225,-2269,0.67
-1770,-486,0.61
-227,-1065,1.33
168,2282,0.54
860,-1616,0.57
409,1671,1.04
1182,2543,0.52
-1534,1485,0.67
2048,-1759,1.05
-940,1013,0.88
1592,-127,0.81
-1935,365,0.62
2174,-1299,1.06
-1196,-170,0.60
-2271,1192,0.55
1309,-456,3.80
-2352,328,0.60
-2129,-2282,10.60
-1847,2067,1.35
1441,2540,0.84
1373,787,0.53
1244,-342,0.64
2301,-179,1.64
-2302,-2255,1.00
-1678,663,2.39
-473,-1557,0.59
434,-165,0.55
2184,343,0.94
1840,461,0.82
1844,542,0.85
-1218,1040,0.60
-96,2309,0.56
-1189,-1743,0.77
-1182,-1710,1.53
445,-1740,0.68
556,-1115,0.61
2009,-1704,0.56
-335,-597,0.62
-1345,2260,0.63
-1011,1179,2.25
-192,868,0.50
723,95,0.77
-2054,-2266,0.52
1036,-418,2.24
329,2861,0.58
21,1983,0.53
2429,-1074,1.24
-1777,1402,3.25
1332,2421,0.64
-112,-846,1.00
2161,437,0.62
-2590,-2113,0.60
1805,-1565,0.60
231,1261,0.56
2405,-590,1.86
-958,1154,0.84
-534,-1761,0.62
192,2334,0.50
1078,281,0.54
1771,-103,0.52
-1524,1898,0.56
-1644,-2070,0.53
1125,-122,2.49
-238,218,0.59
-1810,-73,0.72
1385,2474,0.68
-94,-883,0.75
-2521,871,0.61
1700,-1405,0.81
614,-86,0.97
-1666,1178,0.64
-1573,-1773,0.61
-2558,-43,0.50
1724,356,0.51
1179,2131,1.81
-2033,-817,0.57
-1790,-484,0.58
-1352,2592,0.70
1620,770,1.67
-1540,-876,0.51
2368,-816,0.60
441,-1085,1.25
661,-430,0.77
-2281,286,0.50
-119,1913,0.52
2172,-2157,0.68
-1460,-1729,1.02
-185,-1776,0.53
224,1284,0.65
-569,-1799,0.54
-2158,-2368,0.99
1288,2054,0.64
-2384,534,0.66
2441,-288,2.62
-533,-1660,0.65
-1030,852,0.60
-48,2614,1.29
-1181,2003,0.92
-76,-656,0.58
-290,-844,1.53
-1184,-1745,1.19
-104,2905,1.11
205,424,0.53
-221,-1064,0.91
2331,235,0.74
1007,2465,0.59
2227,483,0.53
1500,-150,0.91
797,-1548,0.88
194,1241,1.73
-1361,-1075,1.32
1530,392,0.52
1446,2561,0.87
85,2834,0.57
1054,634,0.85
-2374,-2308,4.36
143,-1638,0.57
116,1041,0.67
-1765,-1190,0.64
-1741,1114,0.70
1711,-789,0.51
-2108,572,1.08
-2218,-2269,0.96
165,2549,0.50
1349,-1166,1.33
-1558,651,1.25
899,1927,1.82
-1752,569,0.69
-613,-910,0.50
2030,-447,0.78
-340,-1054,0.83
510,-1052,0.57
1300,2424,0.94
1739,630,2.35
2333,-754,2.82
-123,2691,1.54
-2112,-191,0.76
-2303,344,0.53
-654,2390,0.53
-1076,2465,0.53
436,2007,1.31
-1523,-300,0.50
-2149,1813,0.52
-1541,-359,0.73
-114,-1033,1.30
-138,2682,0.89
-2258,-2213,1.07
-1181,-1742,0.95
976,-1144,0.58
1393,2352,0.62
-951,1178,0.76
1709,865,0.57
-591,-1567,3.28
-2381,-260,1.02
2054,-1764,0.59
250,-1653,0.80
-2100,-2252,0.50
1415,2248,0.77
417,-1568,1.63
798,-348,1.66
-110,362,0.50
-637,2367,1.78
-2198,-525,0.73
1310,1289,0.58
1193,-401,0.74
1562,2749,0.59
-1830,2053,4.11
67,-1713,0.50
758,1928,1.86
-1164,1987,0.50
-1264,2404,0.97
-1829,-2106,0.51
-1334,575,1.44
1033,-2017,0.50
1918,644,0.54
2494,0,0.54
2158,-1134,0.53
1221,2434,0.54
-1954,129,0.56
-1978,1457,1.52
1358,2213,0.53
1498,-1482,0.64
-2144,-2330,0.86
-1993,501,0.50
270,-1203,1.40
1300,2252,0.98
-2190,-2293,0.61
2212,-408,1.14
-1794,1311,0.52
2378,-80,0.62
1807,374,0.60
-1703,-256,0.53
2318,70,0.54
1532,98,0.69
2089,577,11.55
2201,74,0.60
-1542,637,5.48
1192,-450,0.51
1438,2263,1.08
-653,-1042,0.53
914,1938,1.70
397,-1271,0.90
-1818,-383,0.58
-1440,-392,0.54
1022,2461,0.99
61,3344,1.19
-243,128,1.70
-1216,2311,1.98
-931,462,1.80
2373,-286,1.00
1510,2695,0.60
-322,837,1.08
272,-1615,0.87
959,-1106,0.59
-1555,664,0.83
-1350,1004,0.65
515,-1007,0.66
-120,2845,1.74
183,-1703,1.00
-2359,-604,1.46
1589,1243,0.52
1186,-398,1.00
1240,2432,0.59
-2272,-2258,0.82
-2067,-308,0.53
-1589,-334,1.61
-1394,231,0.55
-434,-1570,1.00
-438,2626,0.52
1919,535,0.93
-1661,880,0.54
2272,-2272,0.54
-637,2456,0.62
-709,747,0.55
122,-1661,0.63
2389,223,0.68
1200,2033,0.84
2319,-769,0.55
-417,-1510,0.59
139,1281,0.58
974,-1542,0.57
-2171,-2247,10.40
2093,581,0.87
-2167,-2325,0.71
1156,1979,1.42
-664,2125,0.79
834,-695,0.54
2316,7,0.59
82,-1437,0.61
383,3155,0.53
-697,851,1.37
-2131,-2313,0.79
2291,-2356,0.95
-370,-851,0.57
1808,-455,0.64
1213,-438,0.50
1274,2478,1.26
-1585,671,0.93
818,1549,0.63
141,-1280,2.47
-221,-131,0.65
2208,-543,0.52
-1722,629,0.74
1294,-278,1.37
2133,-2170,0.57
1312,-274,0.96
281,-1611,1.60
-2240,-2249,0.92
2313,-940,1.70
-445,-1450,1.12
808,-1527,0.69
-1827,877,0.90
-393,600,1.24
574,-1892,0.63
512,1559,3.96
-100,-1521,0.80
-1075,12,0.70
1960,483,0.86
-2282,-2245,1.03
-1791,431,0.98
-1670,-892,0.55
-2315,-556,0.52
-1981,-1591,0.58
474,-1435,0.56
326,1164,0.56
-611,2390,1.66
-157,2675,0.66
1786,-914,0.66
-1888,1611,1.07
-1831,-674,1.36
435,2757,0.64
-363,914,0.60
-136,-1676,0.59
140,2216,0.52
181,2589,1.22
-1604,-1960,0.68
2258,-623,0.50
-1647,-1353,0.56
278,2790,0.54
1435,-1516,0.60
-546,2290,0.53
51,-1731,0.51
1319,-258,1.84
-1130,2295,0.72
-1751,1193,0.57
65,3234,0.64
294,-1607,2.00
-1216,-143,0.51
-2378,-2123,0.56
168,-1653,0.75
-221,2434,0.50
437,-1601,0.65
2303,-276,0.80
-2041,-2281,0.86
-41,2053,0.50
658,1865,0.54
-665,2107,0.50
1428,2247,0.51
1051,-637,0.61
940,160,0.54
1388,-1069,0.75
308,1123,1.28
-1965,1449,0.90
-894,-299,0.97
-1346,223,0.54
249,3238,0.52
-255,-1726,2.08
-884,-983,0.54
2366,-864,1.24
-375,712,0.52
-1071,-1610,0.56
-234,1326,0.64
-277,51,0.54
421,-1536,1.31
-1022,830,0.51
927,1935,3.58
757,-303,1.00
-1979,409,0.76
-1678,-487,0.53
-395,-1799,0.85
2334,-501,0.58
2216,-476,0.60
-852,11,0.74
-604,215,0.74
-1973,279,0.87
-1693,1065,0.56
-491,-998,0.57
537,-503,0.98
-1708,-1150,0.51
609,2240,0.84
-1384,388,1.22
758,-1637,1.93